
SYMMETRICAL COMPONENT CURRENTS BY CIRCUIT ELEMENT (first 3 phases)

Element              Term      I1         I2         %I2/I1    I0         %I0/I1   %Normal %Emergency

"VSOURCE.SOURCE" ...   1      535,16       73,723    13,78      60,161    11,24      0,00     0,00
   -                   2      535,16       73,723    13,78      60,161    11,24      0,00     0,00
"TRANSFORMER.REG1A"    1      535,16       73,723    13,78      60,161    11,24     85,95    63,03
   -                   2      512,73       70,633    13,78      57,639    11,24      0,00     0,00
"LINE.L115" ........   1      512,73       70,633    13,78      57,639    11,24    157,14   104,76
   -                   2      512,73       70,633    13,78      57,639    11,24      0,00     0,00
"LINE.L1" ..........   1      8,9427            0     0,00           0     0,00      2,24     1,49
   -                   2      8,9429            0     0,00           0     0,00      0,00     0,00
"LINE.L2" ..........   1      46,576            0     0,00           0     0,00     11,64     7,76
   -                   2      46,577            0     0,00           0     0,00      0,00     0,00
"LINE.L3" ..........   1      488,39       70,187    14,37      57,004    11,67    152,65   101,77
   -                   2      488,39       70,187    14,37      57,004    11,67      0,00     0,00
"LINE.L4" ..........   1       18,03            0     0,00           0     0,00      4,51     3,00
   -                   2       18,03            0     0,00           0     0,00      0,00     0,00
"LINE.L5" ..........   1      28,547            0     0,00           0     0,00      7,14     4,76
   -                   2      28,547            0     0,00           0     0,00      0,00     0,00
"LINE.L6" ..........   1       19,23            0     0,00           0     0,00      4,81     3,21
   -                   2       19,23            0     0,00           0     0,00      0,00     0,00
"LINE.L7" ..........   1      485,39       67,238    13,85      54,073    11,14    150,39   100,26
   -                   2      485,39       67,239    13,85      54,074    11,14      0,00     0,00
"LINE.L8" ..........   1      8,9688            0     0,00           0     0,00      2,24     1,49
   -                   2       8,969            0     0,00           0     0,00      0,00     0,00
"LINE.L9" ..........   1      46,251            0     0,00           0     0,00     11,56     7,71
   -                   2      46,251            0     0,00           0     0,00      0,00     0,00
"LINE.L10" .........   1      467,18       54,668    11,70      41,863     8,96    138,91    92,61
   -                   2      467,18       54,668    11,70      41,863     8,96      0,00     0,00
"LINE.L11" .........   1      28,072            0     0,00           0     0,00      7,02     4,68
   -                   2      28,073            0     0,00           0     0,00      0,00     0,00
"LINE.L12" .........   1      46,444            0     0,00           0     0,00     11,61     7,74
   -                   2      46,445            0     0,00           0     0,00      0,00     0,00
"LINE.L13" .........   1       179,2       28,001    15,63      22,088    12,33     57,24    38,16
   -                   2      179,21       28,001    15,63      22,088    12,33      0,00     0,00
"LINE.L14" .........   1      18,756            0     0,00           0     0,00      4,69     3,13
   -                   2      18,756            0     0,00           0     0,00      0,00     0,00
"LINE.L15" .........   1      9,3168            0     0,00           0     0,00      2,33     1,55
   -                   2       9,317            0     0,00           0     0,00      0,00     0,00
"LINE.L16" .........   1      18,301            0     0,00           0     0,00      4,58     3,05
   -                   2      18,301            0     0,00           0     0,00      0,00     0,00
"LINE.L17" .........   1      9,1458            0     0,00           0     0,00      2,29     1,52
   -                   2      9,1461            0     0,00           0     0,00      0,00     0,00
"LINE.L18" .........   1      37,298            0     0,00           0     0,00      9,32     6,22
   -                   2      37,298            0     0,00           0     0,00      0,00     0,00
"LINE.L19" .........   1      43,488       12,491    28,72      11,784    27,10     13,96     9,31
   -                   2      43,489       12,491    28,72      11,784    27,10      0,00     0,00
"LINE.L20" .........   1      18,634            0     0,00           0     0,00      4,66     3,11
   -                   2      18,634            0     0,00           0     0,00      0,00     0,00
"LINE.L21" .........   1      19,218            0     0,00           0     0,00      4,80     3,20
   -                   2      19,219            0     0,00           0     0,00      0,00     0,00
"LINE.L22" .........   1      37,083       18,897    50,96      18,189    49,05     13,96     9,31
   -                   2      37,083       18,897    50,96      18,189    49,05      0,00     0,00
"LINE.L23" .........   1       18,46            0     0,00           0     0,00      4,62     3,08
   -                   2      18,461            0     0,00           0     0,00      0,00     0,00
"LINE.L24" .........   1       30,93       16,669    53,89      16,134    52,16     13,96     9,31
   -                   2      30,931       16,669    53,89      16,134    52,16      0,00     0,00
"LINE.L25" .........   1      18,633            0     0,00           0     0,00      4,66     3,11
   -                   2      18,633            0     0,00           0     0,00      0,00     0,00
"LINE.L26" .........   1      18,563        10,88    58,61       10,61    57,16      9,31     6,20
   -                   2      18,563        10,88    58,61       10,61    57,16      0,00     0,00
"LINE.L27" .........   1      18,633            0     0,00           0     0,00      4,66     3,11
   -                   2      18,634            0     0,00           0     0,00      0,00     0,00
"LINE.L28" .........   1       18,59            0     0,00           0     0,00      4,65     3,10
   -                   2       18,59            0     0,00           0     0,00      0,00     0,00
"LINE.L29" .........   1      18,634            0     0,00           0     0,00      4,66     3,11
   -                   2      18,634            0     0,00           0     0,00      0,00     0,00
"LINE.L30" .........   1      12,352       6,2946    50,96      6,0585    49,05      4,65     3,10
   -                   2      12,352       6,2947    50,96      6,0585    49,05      0,00     0,00
"LINE.L31" .........   1       6,157       6,1576   100,01      6,1578   100,01      4,62     3,08
   -                   2      6,1575       6,1578   100,00      6,1578   100,00      0,00     0,00
"LINE.L32" .........   1  0,00063693   7,1769E-005    11,27   1,97E-005     3,09      0,00     0,00
   -                   2  8,3435E-012   4,8751E-012    58,43  1,2791E-011   153,30      0,00     0,00
"LINE.L33" .........   1      9,2968            0     0,00           0     0,00      2,32     1,55
   -                   2      9,2971            0     0,00           0     0,00      0,00     0,00
"LINE.L34" .........   1      27,447            0     0,00           0     0,00      6,86     4,57
   -                   2      27,447            0     0,00           0     0,00      0,00     0,00
"LINE.L35" .........   1      18,544            0     0,00           0     0,00      4,64     3,09
   -                   2      18,545            0     0,00           0     0,00      0,00     0,00
"LINE.L36" .........   1      105,08       3,9071     3,72      3,3779     3,21     27,16    18,11
   -                   2      105,08       3,9072     3,72      3,3778     3,21      0,00     0,00
"LINE.L37" .........   1      18,545            0     0,00           0     0,00      4,64     3,09
   -                   2      18,545            0     0,00           0     0,00      0,00     0,00
"LINE.L38" .........   1      18,374            0     0,00           0     0,00      4,59     3,06
   -                   2      18,374            0     0,00           0     0,00      0,00     0,00
"LINE.L39" .........   1       9,057            0     0,00           0     0,00      2,26     1,51
   -                   2      9,0573            0     0,00           0     0,00      0,00     0,00
"LINE.L40" .........   1      9,2192            0     0,00           0     0,00      2,30     1,54
   -                   2      9,2195            0     0,00           0     0,00      0,00     0,00
"LINE.L41" .........   1      102,03       6,8432     6,71      6,3112     6,19     27,16    18,11
   -                   2      102,03       6,8433     6,71      6,3112     6,19      0,00     0,00
"LINE.L42" .........   1      19,129            0     0,00           0     0,00      4,78     3,19
   -                   2      19,129            0     0,00           0     0,00      0,00     0,00
"LINE.L43" .........   1      92,595       4,7242     5,10      2,0217     2,18     24,83    16,55
   -                   2      92,595       4,7243     5,10      2,0217     2,18      0,00     0,00
"LINE.L44" .........   1      18,711            0     0,00           0     0,00      4,68     3,12
   -                   2      18,711            0     0,00           0     0,00      0,00     0,00
"LINE.L45" .........   1        86,4       1,5654     1,81      4,2744     4,95     22,39    14,93
   -                   2      86,401       1,5653     1,81      4,2744     4,95      0,00     0,00
"LINE.L46" .........   1      9,3938            0     0,00           0     0,00      2,35     1,57
   -                   2      9,3941            0     0,00           0     0,00      0,00     0,00
"LINE.L47" .........   1      36,091      0,29547     0,82     0,51495     1,43      9,18     6,12
   -                   2      36,091      0,29559     0,82     0,51501     1,43      0,00     0,00
"LINE.L48" .........   1      32,442        1,245     3,84      3,8602    11,90      8,79     5,86
   -                   2      32,443       1,2451     3,84      3,8602    11,90      0,00     0,00
"LINE.L49" .........   1      9,2958       5,3989    58,08      5,2792    56,79      4,62     3,08
   -                   2      9,2961       5,3988    58,08      5,2791    56,79      0,00     0,00
"LINE.L50" .........   1      3,1322       3,1337   100,05      3,1333   100,03      2,35     1,57
   -                   2      3,1325       3,1335   100,03      3,1333   100,02      0,00     0,00
"LINE.L51" .........   1   0,0014105   0,00042831    30,37  0,00019433    13,78      0,00     0,00
   -                   2  3,5652E-008   1,9508E-008    54,72  1,9431E-008    54,50      0,00     0,00
"LINE.L52" .........   1      274,23       25,892     9,44      17,867     6,52     78,52    52,34
   -                   2      274,23       25,892     9,44      17,867     6,52      0,00     0,00
"LINE.L53" .........   1      268,35       19,943     7,43      11,829     4,41     74,04    49,36
   -                   2      268,35       19,943     7,43      11,829     4,41      0,00     0,00
"LINE.L54" .........   1      6,1028       3,0022    49,19      3,1035    50,85      2,33     1,55
   -                   2      6,1032       3,0023    49,19      3,1035    50,85      0,00     0,00
"LINE.L55" .........   1      262,57       19,537     7,44      11,412     4,35     71,81    47,88
   -                   2      262,57       19,537     7,44      11,412     4,35      0,00     0,00
"LINE.L56" .........   1       3,003       3,0034   100,01      3,0034   100,01      2,25     1,50
   -                   2      3,0034       3,0034   100,00      3,0034   100,00      0,00     0,00
"LINE.L57" .........   1      18,358            0     0,00           0     0,00      4,59     3,06
   -                   2      18,358            0     0,00           0     0,00      0,00     0,00
"LINE.L58" .........   1      256,78       24,961     9,72      17,029     6,63     71,81    47,88
   -                   2      256,78       24,961     9,72      17,029     6,63      0,00     0,00
"LINE.L59" .........   1       9,041            0     0,00           0     0,00      2,26     1,51
   -                   2      9,0412            0     0,00           0     0,00      0,00     0,00
"LINE.L60" .........   1   0,0017252    0,0001918    11,12  3,9978E-005     2,32      0,00     0,00
   -                   2  1,3972E-005   1,6728E-007     1,20  1,5054E-007     1,08      0,00     0,00
"LINE.L61" .........   1      59,185       13,212    22,32      9,6528    16,31     20,19    13,46
   -                   2      59,189       13,212    22,32      9,6529    16,31      0,00     0,00
"LINE.L62" .........   1      52,963       6,9757    13,17      5,1777     9,78     15,51    10,34
   -                   2      52,966       6,9757    13,17      5,1778     9,78      0,00     0,00
"LINE.L63" .........   1      46,682       11,377    24,37      11,452    24,53     15,51    10,34
   -                   2      46,688       11,377    24,37      11,452    24,53      0,00     0,00
"LINE.L64" .........   1       35,27       16,127    45,72      11,537    32,71     15,52    10,34
   -                   2      35,277       16,127    45,72      11,537    32,70      0,00     0,00
"LINE.L65" .........   1      11,533       11,537   100,04      11,537   100,04      8,65     5,77
   -                   2      11,537       11,537   100,00      11,537   100,00      0,00     0,00
"LINE.L66" .........   1      54,137            0     0,00           0     0,00     13,53     9,02
   -                   2      54,137            0     0,00           0     0,00      0,00     0,00
"LINE.L67" .........   1      125,47       5,4062     4,31      10,234     8,16     33,22    22,14
   -                   2      125,47       5,4063     4,31      10,234     8,16      0,00     0,00
"LINE.L68" .........   1      67,144       8,5619    12,75      8,1118    12,08     20,68    13,78
   -                   2      67,145       8,5618    12,75      8,1118    12,08      0,00     0,00
"LINE.L69" .........   1      45,134            0     0,00           0     0,00     11,28     7,52
   -                   2      45,135            0     0,00           0     0,00      0,00     0,00
"LINE.L70" .........   1      27,099            0     0,00           0     0,00      6,77     4,52
   -                   2      27,099            0     0,00           0     0,00      0,00     0,00
"LINE.L71" .........   1       18,07            0     0,00           0     0,00      4,52     3,01
   -                   2       18,07            0     0,00           0     0,00      0,00     0,00
"LINE.L72" .........   1      55,341            0     0,00           0     0,00     13,84     9,22
   -                   2      55,341            0     0,00           0     0,00      0,00     0,00
"LINE.L73" .........   1      113,22       18,058    15,95      13,351    11,79     31,51    21,01
   -                   2      113,22       18,058    15,95      13,351    11,79      0,00     0,00
"LINE.L74" .........   1      37,303            0     0,00           0     0,00      9,33     6,22
   -                   2      37,303            0     0,00           0     0,00      0,00     0,00
"LINE.L75" .........   1      18,088            0     0,00           0     0,00      4,52     3,01
   -                   2      18,088            0     0,00           0     0,00      0,00     0,00
"LINE.L76" .........   1      77,464       1,0174     1,31     0,94261     1,22     19,43    12,95
   -                   2      77,463       1,0173     1,31     0,94257     1,22      0,00     0,00
"LINE.L77" .........   1      35,401       13,212    37,32      13,597    38,41     14,42     9,61
   -                   2      35,401       13,212    37,32      13,597    38,41      0,00     0,00
"LINE.L78" .........   1      77,795        6,517     8,38      6,6688     8,57     19,97    13,32
   -                   2      77,795        6,517     8,38      6,6688     8,57      0,00     0,00
"LINE.L79" .........   1      6,4467       6,4471   100,01      6,4471   100,01      4,84     3,22
   -                   2       6,447        6,447   100,00       6,447   100,00      0,00     0,00
"LINE.L80" .........   1      78,831       5,5127     6,99       6,095     7,73     20,11    13,40
   -                   2      78,829       5,5129     6,99       6,095     7,73      0,00     0,00
"LINE.L81" .........   1      80,102       10,177    12,70      10,767    13,44     21,57    14,38
   -                   2      80,102       10,177    12,70      10,767    13,44      0,00     0,00
"LINE.L82" .........   1      82,839       5,6617     6,83      5,7541     6,95     21,57    14,38
   -                   2      82,838       5,6616     6,83      5,7541     6,95      0,00     0,00
"LINE.L83" .........   1      27,016            0     0,00           0     0,00      6,75     4,50
   -                   2      27,016            0     0,00           0     0,00      0,00     0,00
"LINE.L84" .........   1      85,247       2,3694     2,78      3,2572     3,82     21,70    14,47
   -                   2      85,246       2,3694     2,78      3,2572     3,82      0,00     0,00
"LINE.L85" .........   1      18,018            0     0,00           0     0,00      4,50     3,00
   -                   2      18,018            0     0,00           0     0,00      0,00     0,00
"LINE.L86" .........   1      32,891       10,521    31,99      10,889    33,11     12,31     8,20
   -                   2      32,891       10,521    31,99      10,889    33,11      0,00     0,00
"LINE.L87" .........   1          21            0     0,00           0     0,00      5,25     3,50
   -                   2          21            0     0,00           0     0,00      0,00     0,00
"LINE.L88" .........   1      21,889       1,0757     4,91      12,009    54,86      8,32     5,54
   -                   2      21,889       1,0757     4,91      12,009    54,86      0,00     0,00
"LINE.L89" .........   1      21,161            0     0,00           0     0,00      5,29     3,53
   -                   2      21,161            0     0,00           0     0,00      0,00     0,00
"LINE.L90" .........   1      16,102          7,2    44,71       7,367    45,75      5,26     3,50
   -                   2      16,102       7,1999    44,71       7,367    45,75      0,00     0,00
"LINE.L91" .........   1       21,02            0     0,00           0     0,00      5,25     3,50
   -                   2      21,019            0     0,00           0     0,00      0,00     0,00
"LINE.L92" .........   1      12,057       5,9164    49,07      6,1421    50,94      4,54     3,02
   -                   2      12,058       5,9163    49,07      6,1421    50,94      0,00     0,00
"LINE.L93" .........   1      18,026            0     0,00           0     0,00      4,51     3,00
   -                   2      18,026            0     0,00           0     0,00      0,00     0,00
"LINE.L94" .........   1      6,0496       6,0501   100,01        6,05   100,01      4,54     3,02
   -                   2      6,0501       6,0501   100,00      6,0501   100,00      0,00     0,00
"LINE.L95" .........   1      9,0761            0     0,00           0     0,00      2,27     1,51
   -                   2      9,0763            0     0,00           0     0,00      0,00     0,00
"LINE.L96" .........   1      18,445      0,55253     3,00     0,27651     1,50      4,81     3,21
   -                   2      18,445      0,55252     3,00      0,2765     1,50      0,00     0,00
"LINE.L97" .........   1      12,447        6,256    50,26      6,2112    49,90      4,82     3,21
   -                   2      12,448       6,2562    50,26      6,2112    49,90      0,00     0,00
"LINE.L98" .........   1      6,4192       6,4208   100,03      6,4209   100,03      4,82     3,21
   -                   2      6,4196       6,4208   100,02      6,4208   100,02      0,00     0,00
"LINE.L99" .........   1      0,0026   0,00032202    12,39  6,7596E-005     2,60      0,00     0,00
   -                   2  3,1899E-012   7,8989E-013    24,76  1,9706E-012    61,78      0,00     0,00
"LINE.L118" ........   1        48,7       8,5885    17,64      8,2626    16,97     16,18    10,78
   -                   2        48,7       8,5884    17,64      8,2626    16,97      0,00     0,00
"LINE.L100" ........   1      45,199            0     0,00           0     0,00     11,30     7,53
   -                   2      45,199            0     0,00           0     0,00      0,00     0,00
"LINE.L101" ........   1      33,635        18,35    54,56      19,099    56,78     16,18    10,78
   -                   2      33,636        18,35    54,55      19,099    56,78      0,00     0,00
"LINE.L102" ........   1      36,177            0     0,00           0     0,00      9,04     6,03
   -                   2      36,177            0     0,00           0     0,00      0,00     0,00
"LINE.L103" ........   1      18,104            0     0,00           0     0,00      4,53     3,02
   -                   2      18,105            0     0,00           0     0,00      0,00     0,00
"LINE.L104" ........   1      36,214            0     0,00           0     0,00      9,05     6,04
   -                   2      36,214            0     0,00           0     0,00      0,00     0,00
"LINE.L105" ........   1      21,568       21,571   100,01       21,57   100,01     16,18    10,78
   -                   2      21,569       21,571   100,01       21,57   100,01      0,00     0,00
"LINE.L106" ........   1       18,12            0     0,00           0     0,00      4,53     3,02
   -                   2       18,12            0     0,00           0     0,00      0,00     0,00
"LINE.L107" ........   1      64,711            0     0,00           0     0,00     16,18    10,79
   -                   2      64,712            0     0,00           0     0,00      0,00     0,00
"LINE.L108" ........   1    0,003248   0,00040542    12,48  8,1744E-005     2,52      0,00     0,00
   -                   2  3,1675E-012   8,4873E-013    26,79  1,0168E-012    32,10      0,00     0,00
"LINE.L109" ........   1       46,58            0     0,00           0     0,00     11,64     7,76
   -                   2       46,58            0     0,00           0     0,00      0,00     0,00
"LINE.L110" ........   1      9,0895            0     0,00           0     0,00      2,27     1,51
   -                   2        9,09            0     0,00           0     0,00      0,00     0,00
"LINE.L111" ........   1       37,49            0     0,00           0     0,00      9,37     6,25
   -                   2      37,491            0     0,00           0     0,00      0,00     0,00
"LINE.L112" ........   1      28,173            0     0,00           0     0,00      7,04     4,70
   -                   2      28,174            0     0,00           0     0,00      0,00     0,00
"LINE.L113" ........   1      9,1113            0     0,00           0     0,00      2,28     1,52
   -                   2      9,1116            0     0,00           0     0,00      0,00     0,00
"LINE.L114" ........   1      123,45         15,9    12,88      9,4391     7,65     34,15    22,77
   -                   2      123,45         15,9    12,88      9,4392     7,65      0,00     0,00
"LINE.L116" ........   1      280,12       31,921    11,40      23,979     8,56     83,01    55,34
   -                   2      280,12       31,921    11,40      23,979     8,56      0,00     0,00
"LINE.L117" ........   1      194,67       20,753    10,66       16,57     8,51     57,16    38,11
   -                   2      194,67       20,753    10,66       16,57     8,51      0,00     0,00
"LINE.SW1" .........   1      512,73       70,633    13,78      57,639    11,24    157,14   104,76
   -                   2      512,73       70,633    13,78      57,639    11,24      0,00     0,00
"LINE.SW2" .........   1      280,12       31,921    11,40      23,979     8,56     83,01    55,34
   -                   2      280,12       31,921    11,40      23,979     8,56      0,00     0,00
"LINE.SW3" .........   1      123,45         15,9    12,88      9,4391     7,65     34,15    22,77
   -                   2      123,45         15,9    12,88      9,4391     7,65      0,00     0,00
"LINE.SW4" .........   1      200,76       23,939    11,92      18,969     9,45     60,02    40,01
   -                   2      200,76       23,939    11,92      18,969     9,45      0,00     0,00
"LINE.SW5" .........   1        48,7       8,5885    17,64      8,2626    16,97     16,18    10,78
   -                   2        48,7       8,5885    17,64      8,2626    16,97      0,00     0,00
"LINE.SW6" .........   1  1,4072E-005   4,7519E-007     3,38  3,0409E-007     2,16      0,00     0,00
   -                   2  1,4072E-005   4,7519E-007     3,38  3,0409E-007     2,16      0,00     0,00
"LINE.SW7" .........   1           0            0     0,00           0     0,00      0,00     0,00
   -                   2           0            0     0,00           0     0,00      0,00     0,00
"LINE.SW8" .........   1           0            0     0,00           0     0,00      0,00     0,00
   -                   2           0            0     0,00           0     0,00      0,00     0,00
"TRANSFORMER.XFM1" .   1  1,3967E-005   1,4725E-007     1,05  1,1061E-007     0,79      0,00     0,00
   -                   2  1,1542E-012   3,7189E-013    32,22  2,1437E-013    18,57      0,00     0,00
"CAPACITOR.C83" ....   1      86,524      0,77165     0,89     0,68771     0,79      0,00     0,00
   -                   2      86,524      0,77165     0,89     0,68771     0,79      0,00     0,00
"CAPACITOR.C88A" ...   1      21,534            0     0,00           0     0,00      0,00     0,00
   -                   2      21,534            0     0,00           0     0,00      0,00     0,00
"CAPACITOR.C90B" ...   1      21,372            0     0,00           0     0,00      0,00     0,00
   -                   2      21,372            0     0,00           0     0,00      0,00     0,00
"CAPACITOR.C92C" ...   1      21,596            0     0,00           0     0,00      0,00     0,00
   -                   2      21,596            0     0,00           0     0,00      0,00     0,00
"TRANSFORMER.REG2A"    1      27,897            0     0,00           0     0,00      3,05     2,23
   -                   2      28,072            0     0,00           0     0,00      0,00     0,00
"TRANSFORMER.REG3A"    1      18,633            0     0,00           0     0,00      2,03     1,49
   -                   2      18,633            0     0,00           0     0,00      0,00     0,00
"TRANSFORMER.REG4A"    1      240,08            0     0,00           0     0,00     26,21    19,22
   -                   2      228,65            0     0,00           0     0,00      0,00     0,00
"TRANSFORMER.REG3C"    1      18,473            0     0,00           0     0,00      2,02     1,48
   -                   2      18,589            0     0,00           0     0,00      0,00     0,00
"TRANSFORMER.REG4B"    1      171,98            0     0,00           0     0,00     18,78    13,77
   -                   2      170,91            0     0,00           0     0,00      0,00     0,00
"TRANSFORMER.REG4C"    1      191,03            0     0,00           0     0,00     20,86    15,30
   -                   2      185,24            0     0,00           0     0,00      0,00     0,00
"LOAD.S1A" .........   1      18,055            0     0,00           0     0,00      0,00     0,00
"LOAD.S2B" .........   1      8,9429            0     0,00           0     0,00      0,00     0,00
"LOAD.S4C" .........   1       18,03            0     0,00           0     0,00      0,00     0,00
"LOAD.S5C" .........   1      9,3169            0     0,00           0     0,00      0,00     0,00
"LOAD.S6C" .........   1       19,23            0     0,00           0     0,00      0,00     0,00
"LOAD.S7A" .........   1      9,1097            0     0,00           0     0,00      0,00     0,00
"LOAD.S9A" .........   1      18,354            0     0,00           0     0,00      0,00     0,00
"LOAD.S10A" ........   1      9,3169            0     0,00           0     0,00      0,00     0,00
"LOAD.S11A" ........   1      18,756            0     0,00           0     0,00      0,00     0,00
"LOAD.S12B" ........   1       8,969            0     0,00           0     0,00      0,00     0,00
"LOAD.S16C" ........   1      18,301            0     0,00           0     0,00      0,00     0,00
"LOAD.S17C" ........   1      9,1461            0     0,00           0     0,00      0,00     0,00
"LOAD.S19A" ........   1      18,664            0     0,00           0     0,00      0,00     0,00
"LOAD.S20A" ........   1      18,634            0     0,00           0     0,00      0,00     0,00
"LOAD.S22B" ........   1      19,219            0     0,00           0     0,00      0,00     0,00
"LOAD.S24C" ........   1      18,461            0     0,00           0     0,00      0,00     0,00
"LOAD.S28A" ........   1      18,634            0     0,00           0     0,00      0,00     0,00
"LOAD.S29A" ........   1      18,588            0     0,00           0     0,00      0,00     0,00
"LOAD.S30C" ........   1      18,473            0     0,00           0     0,00      0,00     0,00
"LOAD.S31C" ........   1      9,2934            0     0,00           0     0,00      0,00     0,00
"LOAD.S32C" ........   1      9,2971            0     0,00           0     0,00      0,00     0,00
"LOAD.S33A" ........   1      18,634            0     0,00           0     0,00      0,00     0,00
"LOAD.S34C" ........   1      18,998            0     0,00           0     0,00      0,00     0,00
"LOAD.S35A" ........   1      10,671            0     0,00           0     0,00      0,00     0,00
"LOAD.S37A" ........   1      18,545            0     0,00           0     0,00      0,00     0,00
"LOAD.S38B" ........   1      9,3169            0     0,00           0     0,00      0,00     0,00
"LOAD.S39B" ........   1      9,0573            0     0,00           0     0,00      0,00     0,00
"LOAD.S41C" ........   1      9,2195            0     0,00           0     0,00      0,00     0,00
"LOAD.S42A" ........   1      9,3749            0     0,00           0     0,00      0,00     0,00
"LOAD.S43B" ........   1      19,129            0     0,00           0     0,00      0,00     0,00
"LOAD.S45A" ........   1      9,3169            0     0,00           0     0,00      0,00     0,00
"LOAD.S46A" ........   1       9,394            0     0,00           0     0,00      0,00     0,00
"LOAD.S47" .........   1      17,908      0,11111     0,62     0,11124     0,62      0,00     0,00
"LOAD.S48" .........   1      36,091      0,29565     0,82     0,51515     1,43      0,00     0,00
"LOAD.S49A" ........   1      18,077            0     0,00           0     0,00      0,00     0,00
"LOAD.S49B" ........   1      34,949            0     0,00           0     0,00      0,00     0,00
"LOAD.S49C" ........   1      16,664            0     0,00           0     0,00      0,00     0,00
"LOAD.S50C" ........   1      18,493            0     0,00           0     0,00      0,00     0,00
"LOAD.S51A" ........   1      9,3994            0     0,00           0     0,00      0,00     0,00
"LOAD.S52A" ........   1      18,583            0     0,00           0     0,00      0,00     0,00
"LOAD.S53A" ........   1      18,633            0     0,00           0     0,00      0,00     0,00
"LOAD.S55A" ........   1      9,3013            0     0,00           0     0,00      0,00     0,00
"LOAD.S56B" ........   1      9,0102            0     0,00           0     0,00      0,00     0,00
"LOAD.S58B" ........   1      9,3169            0     0,00           0     0,00      0,00     0,00
"LOAD.S59B" ........   1      9,0412            0     0,00           0     0,00      0,00     0,00
"LOAD.S60A" ........   1      9,4214            0     0,00           0     0,00      0,00     0,00
"LOAD.S62C" ........   1      18,709            0     0,00           0     0,00      0,00     0,00
"LOAD.S63A" ........   1      18,869            0     0,00           0     0,00      0,00     0,00
"LOAD.S64B" ........   1      34,485            0     0,00           0     0,00      0,00     0,00
"LOAD.S65A" ........   1      10,294            0     0,00           0     0,00      0,00     0,00
"LOAD.S65B" ........   1      10,457            0     0,00           0     0,00      0,00     0,00
"LOAD.S65C" ........   1      20,622            0     0,00           0     0,00      0,00     0,00
"LOAD.S66C" ........   1      34,611            0     0,00           0     0,00      0,00     0,00
"LOAD.S68A" ........   1      9,0025            0     0,00           0     0,00      0,00     0,00
"LOAD.S69A" ........   1      18,036            0     0,00           0     0,00      0,00     0,00
"LOAD.S70A" ........   1      9,0287            0     0,00           0     0,00      0,00     0,00
"LOAD.S71A" ........   1       18,07            0     0,00           0     0,00      0,00     0,00
"LOAD.S73C" ........   1      18,038            0     0,00           0     0,00      0,00     0,00
"LOAD.S74C" ........   1      19,215            0     0,00           0     0,00      0,00     0,00
"LOAD.S75C" ........   1      18,088            0     0,00           0     0,00      0,00     0,00
"LOAD.S76A" ........   1      31,732            0     0,00           0     0,00      0,00     0,00
"LOAD.S76B" ........   1      20,679            0     0,00           0     0,00      0,00     0,00
"LOAD.S76C" ........   1      20,679            0     0,00           0     0,00      0,00     0,00
"LOAD.S77B" ........   1      18,063            0     0,00           0     0,00      0,00     0,00
"LOAD.S79A" ........   1      19,341            0     0,00           0     0,00      0,00     0,00
"LOAD.S80B" ........   1      18,026            0     0,00           0     0,00      0,00     0,00
"LOAD.S82A" ........   1      17,883            0     0,00           0     0,00      0,00     0,00
"LOAD.S83C" ........   1      8,9623            0     0,00           0     0,00      0,00     0,00
"LOAD.S84C" ........   1      8,9985            0     0,00           0     0,00      0,00     0,00
"LOAD.S85C" ........   1      18,018            0     0,00           0     0,00      0,00     0,00
"LOAD.S86B" ........   1      9,0569            0     0,00           0     0,00      0,00     0,00
"LOAD.S87B" ........   1      18,128            0     0,00           0     0,00      0,00     0,00
"LOAD.S88A" ........   1      17,998            0     0,00           0     0,00      0,00     0,00
"LOAD.S90B" ........   1      18,634            0     0,00           0     0,00      0,00     0,00
"LOAD.S92C" ........   1      17,946            0     0,00           0     0,00      0,00     0,00
"LOAD.S94A" ........   1      18,026            0     0,00           0     0,00      0,00     0,00
"LOAD.S95B" ........   1       9,074            0     0,00           0     0,00      0,00     0,00
"LOAD.S96B" ........   1      9,0763            0     0,00           0     0,00      0,00     0,00
"LOAD.S98A" ........   1      17,999            0     0,00           0     0,00      0,00     0,00
"LOAD.S99B" ........   1      18,085            0     0,00           0     0,00      0,00     0,00
"LOAD.S100C" .......   1      19,262            0     0,00           0     0,00      0,00     0,00
"LOAD.S102C" .......   1       9,022            0     0,00           0     0,00      0,00     0,00
"LOAD.S103C" .......   1      18,073            0     0,00           0     0,00      0,00     0,00
"LOAD.S104C" .......   1      18,105            0     0,00           0     0,00      0,00     0,00
"LOAD.S106B" .......   1      18,094            0     0,00           0     0,00      0,00     0,00
"LOAD.S107B" .......   1       18,12            0     0,00           0     0,00      0,00     0,00
"LOAD.S109A" .......   1      18,131            0     0,00           0     0,00      0,00     0,00
"LOAD.S111A" .......   1      9,0898            0     0,00           0     0,00      0,00     0,00
"LOAD.S112A" .......   1      9,3169            0     0,00           0     0,00      0,00     0,00
"LOAD.S113A" .......   1      19,062            0     0,00           0     0,00      0,00     0,00
"LOAD.S114A" .......   1      9,1114            0     0,00           0     0,00      0,00     0,00
