IEEE DATA FILE                 1.0
BRANCH DATA
    1     2 1  1  235.6941  -280.3765     0.0000
                  -69.2471    75.3882     0.0000   235.6941  -280.3765     0.0000
                  -69.2471    75.3882     0.0000   -69.2471    75.3882     0.0000   235.6941  -280.3765     0.0000
    2     3 1  1 1067.2941  -914.8235     0.0000
                 -228.7059   381.1765     0.0000  1067.2941  -914.8235     0.0000
                 -228.7059   381.1765     0.0000  -228.7059   381.1765     0.0000  1067.2941  -914.8235     0.0000
    3     4 1  1  167.8095  -195.3677     0.0000
                  -44.6495    59.5832     0.0000   167.8095  -195.3677     0.0000
                  -44.6495    59.5832     0.0000   -44.6495    59.5832     0.0000   167.8095  -195.3677     0.0000
    4     5 1  1  461.5890  -497.0959     0.0000
                 -186.4110   150.9041     0.0000   461.5890  -497.0959     0.0000
                 -186.4110   150.9041     0.0000  -186.4110   150.9041     0.0000   461.5890  -497.0959     0.0000
    5     6 1  1  765.2402  -252.8444     0.0000
                 -164.3046    -2.5824     0.0000   765.2402  -252.8444     0.0000
                 -164.3046    -2.5824     0.0000  -164.3046    -2.5824     0.0000   765.2402  -252.8444     0.0000
    6     7 1  110125.6109 -3362.1719     0.0000
                -2072.0362  -312.7602     0.0000 10125.6109 -3362.1719     0.0000
                -2072.0362  -312.7602     0.0000 -2072.0362  -312.7602     0.0000 10125.6109 -3362.1719     0.0000
    7     8 1  1 1814.4000 -1123.2000     0.0000
                 -259.2000   -86.4000     0.0000  1814.4000 -1123.2000     0.0000
                 -259.2000   -86.4000     0.0000  -259.2000   -86.4000     0.0000  1814.4000 -1123.2000     0.0000
    7     9 1  1  858.3687  -293.4080     0.0000
                 -120.4688  -101.4791     0.0000   858.3687  -293.4080     0.0000
                 -120.4688  -101.4791     0.0000  -120.4688  -101.4791     0.0000   858.3687  -293.4080     0.0000
    7    10 1  110125.6109 -3362.1719     0.0000
                -2072.0362  -312.7602     0.0000 10125.6109 -3362.1719     0.0000
                -2072.0362  -312.7602     0.0000 -2072.0362  -312.7602     0.0000 10125.6109 -3362.1719     0.0000
    5    11 1  1  582.8166  -920.2367     0.0000
                 -214.7219   276.0710     0.0000   582.8166  -920.2367     0.0000
                 -214.7219   276.0710     0.0000  -214.7219   276.0710     0.0000   582.8166  -920.2367     0.0000
   11    12 1  1  697.4544  -365.4272     0.0000
                 -145.1984    39.0462     0.0000   697.4544  -365.4272     0.0000
                 -145.1984    39.0462     0.0000  -145.1984    39.0462     0.0000   697.4544  -365.4272     0.0000
   11    13 1  1 1762.5600 -1969.9200     0.0000
                 -829.4400   622.0800     0.0000  1762.5600 -1969.9200     0.0000
                 -829.4400   622.0800     0.0000  -829.4400   622.0800     0.0000  1762.5600 -1969.9200     0.0000
   13    14 1  1 3405.3378 -4157.4369     0.0000
                 -582.3545  1824.1016     0.0000  3405.3378 -4157.4369     0.0000
                 -582.3545  1824.1016     0.0000  -582.3545  1824.1016     0.0000  3405.3378 -4157.4369     0.0000
   14    16 1  113347.3103 -4647.7241     0.0000
                -2204.6897   536.2759     0.0000 13347.3103 -4647.7241     0.0000
                -2204.6897   536.2759     0.0000 -2204.6897   536.2759     0.0000 13347.3103 -4647.7241     0.0000
   16    17 1  1 1056.7385  -618.0923     0.0000
                 -139.5692   179.4462     0.0000  1056.7385  -618.0923     0.0000
                 -139.5692   179.4462     0.0000  -139.5692   179.4462     0.0000  1056.7385  -618.0923     0.0000
   14    15 1  125920.0000-25920.0000     0.0000
                    0.0000     0.0000     0.0000 25920.0000-25920.0000     0.0000
                    0.0000     0.0000     0.0000    -0.0000    -0.0000     0.0000 25920.0000-25920.0000     0.0000
   13    18 1  1  206.6463  -248.0482     0.0000
                  -79.3675    73.7173     0.0000   206.6463  -248.0482     0.0000
                  -79.3675    73.7173     0.0000   -79.3675    73.7173     0.0000   206.6463  -248.0482     0.0000
   18    19 1  1  296.6423  -389.4319     0.0000
                 -120.0110   118.8851     0.0000   296.6423  -389.4319     0.0000
                 -120.0110   118.8851     0.0000  -120.0110   118.8851     0.0000   296.6423  -389.4319     0.0000
   19    75 1  1 1514.6466  -488.5957     0.0000
                    0.0000    -0.0000     0.0000  1514.6466  -488.5957     0.0000
                    0.0000     0.0000     0.0000    -0.0000    -0.0000     0.0000  1514.6466  -488.5957     0.0000
   19    20 1  1  337.6161  -465.0184     0.0000
                  -61.1531   133.1354     0.0000   337.6161  -465.0184     0.0000
                  -61.1531   133.1354     0.0000   -61.1531   133.1354     0.0000   337.6161  -465.0184     0.0000
   20    21 1  1  903.0950  -973.4661     0.0000
                 -392.9050   322.5339     0.0000   903.0950  -973.4661     0.0000
                 -392.9050   322.5339     0.0000  -392.9050   322.5339     0.0000   903.0950  -973.4661     0.0000
   21    22 1  1 1974.7131 -1808.6691     0.0000
                 -372.7586   343.1799     0.0000  1974.7131 -1808.6691     0.0000
                 -372.7586   343.1799     0.0000  -372.7586   343.1799     0.0000  1974.7131 -1808.6691     0.0000
   21    23 1  1  223.2522  -248.9645     0.0000
                 -100.7478    75.0355     0.0000   223.2522  -248.9645     0.0000
                 -100.7478    75.0355     0.0000  -100.7478    75.0355     0.0000   223.2522  -248.9645     0.0000
   23    24 1  1  281.4845  -299.7626     0.0000
                 -129.1657    86.3712     0.0000   281.4845  -299.7626     0.0000
                 -129.1657    86.3712     0.0000  -129.1657    86.3712     0.0000   281.4845  -299.7626     0.0000
   23    25 1  1  587.5200  -656.6400     0.0000
                 -276.4800   207.3600     0.0000   587.5200  -656.6400     0.0000
                 -276.4800   207.3600     0.0000  -276.4800   207.3600     0.0000   587.5200  -656.6400     0.0000
   25    26 1  1 5370.5628 -6600.0425     0.0000
                 -850.2372  1694.3575     0.0000  5370.5628 -6600.0425     0.0000
                 -850.2372  1694.3575     0.0000  -850.2372  1694.3575     0.0000  5370.5628 -6600.0425     0.0000
   26    27 1  1 1062.3350 -1158.1395     0.0000
                 -300.0828   136.1574     0.0000  1062.3350 -1158.1395     0.0000
                 -300.0828   136.1574     0.0000  -300.0828   136.1574     0.0000  1062.3350 -1158.1395     0.0000
   27    30 1  1  857.1247  -680.6578     0.0000
                 -339.1830   116.8806     0.0000   857.1247  -680.6578     0.0000
                 -339.1830   116.8806     0.0000  -339.1830   116.8806     0.0000   857.1247  -680.6578     0.0000
   30    31 1  1 2276.8567 -2129.2650     0.0000
                 -884.1189   399.5155     0.0000  2276.8567 -2129.2650     0.0000
                 -884.1189   399.5155     0.0000  -884.1189   399.5155     0.0000  2276.8567 -2129.2650     0.0000
   27    28 1  1 6264.5255 -7147.4453     0.0000
                -2375.4745  1492.5547     0.0000  6264.5255 -7147.4453     0.0000
                -2375.4745  1492.5547     0.0000 -2375.4745  1492.5547     0.0000  6264.5255 -7147.4453     0.0000
   28    29 1  125920.0000-25920.0000     0.0000
                    0.0000     0.0000     0.0000 25920.0000-25920.0000     0.0000
                    0.0000     0.0000     0.0000    -0.0000    -0.0000     0.0000 25920.0000-25920.0000     0.0000
   29    32 1  1 1036.8000 -1036.8000     0.0000
                 -259.2000   259.2000     0.0000  1036.8000 -1036.8000     0.0000
                 -259.2000   259.2000     0.0000  -259.2000   259.2000     0.0000  1036.8000 -1036.8000     0.0000
   32    33 1  1 1541.9292 -1526.3252     0.0000
                 -592.6590   303.3219     0.0000  1541.9292 -1526.3252     0.0000
                 -592.6590   303.3219     0.0000  -592.6590   303.3219     0.0000  1541.9292 -1526.3252     0.0000
   33    34 1  1 1427.0762 -1429.7891     0.0000
                 -546.5278   280.6677     0.0000  1427.0762 -1429.7891     0.0000
                 -546.5278   280.6677     0.0000  -546.5278   280.6677     0.0000  1427.0762 -1429.7891     0.0000
   34    35 1  1 2037.2828 -1933.2352     0.0000
                 -785.6875   376.4678     0.0000  2037.2828 -1933.2352     0.0000
                 -785.6875   376.4678     0.0000  -785.6875   376.4678     0.0000  2037.2828 -1933.2352     0.0000
   35    36 1  1 3697.2753 -3577.6145     0.0000
                -1401.7411   671.5659     0.0000  3697.2753 -3577.6145     0.0000
                -1401.7411   671.5659     0.0000 -1401.7411   671.5659     0.0000  3697.2753 -3577.6145     0.0000
   35    37 1  1 2592.0000 -2592.0000     0.0000
                    0.0000     0.0000     0.0000  2592.0000 -2592.0000     0.0000
                    0.0000     0.0000     0.0000    -0.0000     0.0000     0.0000  2592.0000 -2592.0000     0.0000
   34    38 1  1 2592.0000 -2592.0000     0.0000
                    0.0000     0.0000     0.0000  2592.0000 -2592.0000     0.0000
                    0.0000     0.0000     0.0000    -0.0000     0.0000     0.0000  2592.0000 -2592.0000     0.0000
   32    39 1  1 2322.6377 -2380.1833     0.0000
                 -895.0175   479.9547     0.0000  2322.6377 -2380.1833     0.0000
                 -895.0175   479.9547     0.0000  -895.0175   479.9547     0.0000  2322.6377 -2380.1833     0.0000
   39    40 1  1 3651.6070 -3526.5095     0.0000
                -1447.4094   722.6708     0.0000  3651.6070 -3526.5095     0.0000
                -1447.4094   722.6708     0.0000 -1447.4094   722.6708     0.0000  3651.6070 -3526.5095     0.0000
   28    41 1  1 2048.8190 -3575.7178     0.0000
                 -863.5406  1084.0575     0.0000  2048.8190 -3575.7178     0.0000
                 -863.5406  1084.0575     0.0000  -863.5406  1084.0575     0.0000  2048.8190 -3575.7178     0.0000
   41    42 1  1 2030.4338 -1925.7814     0.0000
                 -792.5365   383.9216     0.0000  2030.4338 -1925.7814     0.0000
                 -792.5365   383.9216     0.0000  -792.5365   383.9216     0.0000  2030.4338 -1925.7814     0.0000
   41    43 1  1  506.6532  -622.0139     0.0000
                  -83.0862   176.9879     0.0000   506.6532  -622.0139     0.0000
                  -83.0862   176.9879     0.0000   -83.0862   176.9879     0.0000   506.6532  -622.0139     0.0000
   43    44 1  110800.0000-10800.0000     0.0000
                -2160.0000  2160.0000     0.0000 10800.0000-10800.0000     0.0000
                -2160.0000  2160.0000     0.0000 -2160.0000  2160.0000     0.0000 10800.0000-10800.0000     0.0000
   44    94 1  1  446.5303  -761.5301     0.0000
                  -47.1840   225.8985     0.0000   446.5303  -761.5301     0.0000
                  -47.1840   225.8985     0.0000   -47.1840   225.8985     0.0000   446.5303  -761.5301     0.0000
   94    91 1  1  479.4121 -1632.5539     0.0000
                  213.5659   494.2153     0.0000   479.4121 -1632.5539     0.0000
                  213.5659   494.2153     0.0000   213.5659   494.2153     0.0000   479.4121 -1632.5539     0.0000
   91    90 1  124192.0000-20736.0000     0.0000
                -1728.0000  5184.0000     0.0000 24192.0000-20736.0000     0.0000
                -1728.0000  5184.0000     0.0000 -1728.0000  5184.0000     0.0000 24192.0000-20736.0000     0.0000
   90    96 1  1 3193.1722 -5772.4029     0.0000
                -1380.9455  1851.1266     0.0000  3193.1722 -5772.4029     0.0000
                -1380.9455  1851.1266     0.0000 -1380.9455  1851.1266     0.0000  3193.1722 -5772.4029     0.0000
   96    97 1  1  731.7083 -1570.0175     0.0000
                 -305.0917   503.5825     0.0000   731.7083 -1570.0175     0.0000
                 -305.0917   503.5825     0.0000  -305.0917   503.5825     0.0000   731.7083 -1570.0175     0.0000
   90    89 1  1 7257.6000-16243.2000     0.0000
                -3110.4000  4492.8000     0.0000  7257.6000-16243.2000     0.0000
                -3110.4000  4492.8000     0.0000 -3110.4000  4492.8000     0.0000  7257.6000-16243.2000     0.0000
   89    98 1  1  731.7083 -1570.0175     0.0000
                 -305.0917   503.5825     0.0000   731.7083 -1570.0175     0.0000
                 -305.0917   503.5825     0.0000  -305.0917   503.5825     0.0000   731.7083 -1570.0175     0.0000
   98    99 1  1  514.9782 -3940.1822     0.0000
                    1.7109  1192.4911     0.0000   514.9782 -3940.1822     0.0000
                    1.7109  1192.4911     0.0000     1.7109  1192.4911     0.0000   514.9782 -3940.1822     0.0000
   99   100 1  1  296.1569  -603.3549     0.0000
                 -124.1675   190.5910     0.0000   296.1569  -603.3549     0.0000
                 -124.1675   190.5910     0.0000  -124.1675   190.5910     0.0000   296.1569  -603.3549     0.0000
  100   101 1  1 1153.3185 -1127.7951     0.0000
                 -443.0510   216.5161     0.0000  1153.3185 -1127.7951     0.0000
                 -443.0510   216.5161     0.0000  -443.0510   216.5161     0.0000  1153.3185 -1127.7951     0.0000
  100   102 1  1  811.9169 -1742.6677     0.0000
                 -340.0831   561.3323     0.0000   811.9169 -1742.6677     0.0000
                 -340.0831   561.3323     0.0000  -340.0831   561.3323     0.0000   811.9169 -1742.6677     0.0000
  102   103 1  1  385.2965  -828.3549     0.0000
                 -160.3877   263.0135     0.0000   385.2965  -828.3549     0.0000
                 -160.3877   263.0135     0.0000  -160.3877   263.0135     0.0000   385.2965  -828.3549     0.0000
  103   104 1  1  609.0315 -1309.6505     0.0000
                 -254.9685   418.3495     0.0000   609.0315 -1309.6505     0.0000
                 -254.9685   418.3495     0.0000  -254.9685   418.3495     0.0000   609.0315 -1309.6505     0.0000
  104   105 1  1  742.0235 -1585.6941     0.0000
                 -294.7765   487.9059     0.0000   742.0235 -1585.6941     0.0000
                 -294.7765   487.9059     0.0000  -294.7765   487.9059     0.0000   742.0235 -1585.6941     0.0000
  105   106 1  1 1155.8027  -390.8220     0.0000
                  -40.5050     7.9472     0.0000  1155.8027  -390.8220     0.0000
                  -40.5050     7.9472     0.0000   -40.5050     7.9472     0.0000  1155.8027  -390.8220     0.0000
  106   107 1  125920.0000-25920.0000     0.0000
                    0.0000     0.0000     0.0000 25920.0000-25920.0000     0.0000
                    0.0000     0.0000     0.0000    -0.0000    -0.0000     0.0000 25920.0000-25920.0000     0.0000
  102   108 1  1 2073.6000 -1036.8000     0.0000
                    0.0000    -0.0000     0.0000  2073.6000 -1036.8000     0.0000
                    0.0000     0.0000     0.0000     0.0000    -0.0000     0.0000  2073.6000 -1036.8000     0.0000
   89    88 1  1  692.8979 -1188.9439     0.0000
                 -139.3957   356.7442     0.0000   692.8979 -1188.9439     0.0000
                 -139.3957   356.7442     0.0000  -139.3957   356.7442     0.0000   692.8979 -1188.9439     0.0000
   88   109 1  1 3639.3422 -7782.8753     0.0000
                -1544.6578  2585.1247     0.0000  3639.3422 -7782.8753     0.0000
                -1544.6578  2585.1247     0.0000 -1544.6578  2585.1247     0.0000  3639.3422 -7782.8753     0.0000
  109   114 1  1  256.8856  -673.7333     0.0000
                 -100.6316   220.0598     0.0000   256.8856  -673.7333     0.0000
                 -100.6316   220.0598     0.0000  -100.6316   220.0598     0.0000   256.8856  -673.7333     0.0000
  114   119 1  1 5132.6733  -513.2673     0.0000
                   -0.0000     0.0000     0.0000  5132.6733  -513.2673     0.0000
                    0.0000     0.0000     0.0000     0.0000    -0.0000     0.0000  5132.6733  -513.2673     0.0000
  114   115 1  1 1905.8074 -4742.4370     0.0000
                 -775.5719  1514.1147     0.0000  1905.8074 -4742.4370     0.0000
                 -775.5719  1514.1147     0.0000  -775.5719  1514.1147     0.0000  1905.8074 -4742.4370     0.0000
  115   116 1  1  651.8047 -1344.4388     0.0000
                 -272.5341   427.2105     0.0000   651.8047 -1344.4388     0.0000
                 -272.5341   427.2105     0.0000  -272.5341   427.2105     0.0000   651.8047 -1344.4388     0.0000
  116   117 1  1  183.5246  -392.5201     0.0000
                  -75.6754   125.8799     0.0000   183.5246  -392.5201     0.0000
                  -75.6754   125.8799     0.0000   -75.6754   125.8799     0.0000   183.5246  -392.5201     0.0000
  117   118 1  1 2549.6021 -6789.3899     0.0000
                -1025.5703  2148.5411     0.0000  2549.6021 -6789.3899     0.0000
                -1025.5703  2148.5411     0.0000 -1025.5703  2148.5411     0.0000  2549.6021 -6789.3899     0.0000
  109    87 1  1 1250.4653 -1536.4461     0.0000
                 -220.9758   387.7460     0.0000  1250.4653 -1536.4461     0.0000
                 -220.9758   387.7460     0.0000  -220.9758   387.7460     0.0000  1250.4653 -1536.4461     0.0000
   87    84 1  1 2590.7564 -3882.6803     0.0000
                 -911.9463  1021.1035     0.0000  2590.7564 -3882.6803     0.0000
                 -911.9463  1021.1035     0.0000  -911.9463  1021.1035     0.0000  2590.7564 -3882.6803     0.0000
   84    83 1  1 3407.2816 -5951.4654     0.0000
                -1166.8361  1672.0640     0.0000  3407.2816 -5951.4654     0.0000
                -1166.8361  1672.0640     0.0000 -1166.8361  1672.0640     0.0000  3407.2816 -5951.4654     0.0000
   83    80 1  1 1090.0337 -1835.1154     0.0000
                 -366.1461   494.7722     0.0000  1090.0337 -1835.1154     0.0000
                 -366.1461   494.7722     0.0000  -366.1461   494.7722     0.0000  1090.0337 -1835.1154     0.0000
   80    81 1  1  523.7239  -484.7013     0.0000
                 -163.6067    80.4372     0.0000   523.7239  -484.7013     0.0000
                 -163.6067    80.4372     0.0000  -163.6067    80.4372     0.0000   523.7239  -484.7013     0.0000
   80    82 1  1 1628.2180 -1564.8052     0.0000
                 -506.3702   264.8419     0.0000  1628.2180 -1564.8052     0.0000
                 -506.3702   264.8419     0.0000  -506.3702   264.8419     0.0000  1628.2180 -1564.8052     0.0000
   80    79 1  1   51.5521   -65.2917     0.0000
                   -9.5153    16.4663     0.0000    51.5521   -65.2917     0.0000
                   -9.5153    16.4663     0.0000    -9.5153    16.4663     0.0000    51.5521   -65.2917     0.0000
   84    85 1  1 2644.3140 -2661.7997     0.0000
                -1025.7745   549.5277     0.0000  2644.3140 -2661.7997     0.0000
                -1025.7745   549.5277     0.0000 -1025.7745   549.5277     0.0000  2644.3140 -2661.7997     0.0000
   85    86 1  1 1537.8159 -1521.7570     0.0000
                 -596.7723   307.8900     0.0000  1537.8159 -1521.7570     0.0000
                 -596.7723   307.8900     0.0000  -596.7723   307.8900     0.0000  1537.8159 -1521.7570     0.0000
   88   110 1  1  610.2703 -1312.4471     0.0000
                 -253.7297   415.5529     0.0000   610.2703 -1312.4471     0.0000
                 -253.7297   415.5529     0.0000  -253.7297   415.5529     0.0000   610.2703 -1312.4471     0.0000
  110   111 1  1 1828.3817 -3943.5685     0.0000
                 -763.6183  1240.4315     0.0000  1828.3817 -3943.5685     0.0000
                 -763.6183  1240.4315     0.0000  -763.6183  1240.4315     0.0000  1828.3817 -3943.5685     0.0000
  111   112 1  1  243.6923  -527.2615     0.0000
                 -101.9077   163.9385     0.0000   243.6923  -527.2615     0.0000
                 -101.9077   163.9385     0.0000  -101.9077   163.9385     0.0000   243.6923  -527.2615     0.0000
  112   113 1  1  477.8432  -816.7150     0.0000
                 -217.5714   258.0167     0.0000   477.8432  -816.7150     0.0000
                 -217.5714   258.0167     0.0000  -217.5714   258.0167     0.0000   477.8432  -816.7150     0.0000
   94    92 1  1 2592.0000 -2592.0000     0.0000
                    0.0000     0.0000     0.0000  2592.0000 -2592.0000     0.0000
                    0.0000     0.0000     0.0000    -0.0000     0.0000     0.0000  2592.0000 -2592.0000     0.0000
   94    93 1  125920.0000-25920.0000     0.0000
                    0.0000     0.0000     0.0000 25920.0000-25920.0000     0.0000
                    0.0000     0.0000     0.0000    -0.0000    -0.0000     0.0000 25920.0000-25920.0000     0.0000
   44   126 1  1 1089.6565  -410.6541     0.0000
                 -130.1082  -105.7129     0.0000  1089.6565  -410.6541     0.0000
                 -130.1082  -105.7129     0.0000  -130.1082  -105.7129     0.0000  1089.6565  -410.6541     0.0000
   44   127 1  1 1313.2800  -552.9600     0.0000
                 -241.9200   -34.5600     0.0000  1313.2800  -552.9600     0.0000
                 -241.9200   -34.5600     0.0000  -241.9200   -34.5600     0.0000  1313.2800  -552.9600     0.0000
   43    45 1  1  676.8708  -694.2814     0.0000
                 -132.7211   141.4264     0.0000   676.8708  -694.2814     0.0000
                 -132.7211   141.4264     0.0000  -132.7211   141.4264     0.0000   676.8708  -694.2814     0.0000
   45   120 1  1 1036.8000 -1555.2000     0.0000
                   -0.0000   518.4000     0.0000  1036.8000 -1555.2000     0.0000
                    0.0000   518.4000     0.0000    -0.0000   518.4000     0.0000  1036.8000 -1555.2000     0.0000
  120   121 1  1  136.4338  -188.2380     0.0000
                  -20.7751    48.3535     0.0000   136.4338  -188.2380     0.0000
                  -20.7751    48.3535     0.0000   -20.7751    48.3535     0.0000   136.4338  -188.2380     0.0000
  121   122 1  1 1278.3292 -2240.0875     0.0000
                 -501.5850   652.2730     0.0000  1278.3292 -2240.0875     0.0000
                 -501.5850   652.2730     0.0000  -501.5850   652.2730     0.0000  1278.3292 -2240.0875     0.0000
  122   123 1  1  859.7854 -1593.1317     0.0000
                 -177.0146   480.4683     0.0000   859.7854 -1593.1317     0.0000
                 -177.0146   480.4683     0.0000  -177.0146   480.4683     0.0000   859.7854 -1593.1317     0.0000
  123   124 1  121600.0000-21600.0000     0.0000
                -4320.0000  4320.0000     0.0000 21600.0000-21600.0000     0.0000
                -4320.0000  4320.0000     0.0000 -4320.0000  4320.0000     0.0000 21600.0000-21600.0000     0.0000
  123   125 1  1  442.5366  -505.7561     0.0000
                  -63.2195   126.4390     0.0000   442.5366  -505.7561     0.0000
                  -63.2195   126.4390     0.0000   -63.2195   126.4390     0.0000   442.5366  -505.7561     0.0000
  120    95 1  1 1036.8000 -1555.2000     0.0000
                   -0.0000   518.4000     0.0000  1036.8000 -1555.2000     0.0000
                    0.0000   518.4000     0.0000    -0.0000   518.4000     0.0000  1036.8000 -1555.2000     0.0000
   43    46 1  118144.0000-11232.0000     0.0000
                -2592.0000  -864.0000     0.0000 18144.0000-11232.0000     0.0000
                -2592.0000  -864.0000     0.0000 -2592.0000  -864.0000     0.0000 18144.0000-11232.0000     0.0000
   25    47 1  1  919.5407  -892.5767     0.0000
                 -355.2134   169.7184     0.0000   919.5407  -892.5767     0.0000
                 -355.2134   169.7184     0.0000  -355.2134   169.7184     0.0000   919.5407  -892.5767     0.0000
   25    48 1  1  472.4097  -959.5304     0.0000
                 -198.7860   303.8969     0.0000   472.4097  -959.5304     0.0000
                 -198.7860   303.8969     0.0000  -198.7860   303.8969     0.0000   472.4097  -959.5304     0.0000
   48    64 1  1 1382.4000  -518.4000     0.0000
                 -172.8000     0.0000     0.0000  1382.4000  -518.4000     0.0000
                 -172.8000     0.0000     0.0000  -172.8000    -0.0000     0.0000  1382.4000  -518.4000     0.0000
   64    65 1  1 3721.7398 -1364.1196     0.0000
                 -440.5959   149.4571     0.0000  3721.7398 -1364.1196     0.0000
                 -440.5959   149.4571     0.0000  -440.5959   149.4571     0.0000  3721.7398 -1364.1196     0.0000
   48    49 1  1  914.5756 -1964.0195     0.0000
                 -381.4244   627.9805     0.0000   914.5756 -1964.0195     0.0000
                 -381.4244   627.9805     0.0000  -381.4244   627.9805     0.0000   914.5756 -1964.0195     0.0000
   49    50 1  1 2239.4999 -4237.1863     0.0000
                 -950.6540  1345.5829     0.0000  2239.4999 -4237.1863     0.0000
                 -950.6540  1345.5829     0.0000  -950.6540  1345.5829     0.0000  2239.4999 -4237.1863     0.0000
   50    51 1  1 3639.3422 -7782.8753     0.0000
                -1544.6578  2585.1247     0.0000  3639.3422 -7782.8753     0.0000
                -1544.6578  2585.1247     0.0000 -1544.6578  2585.1247     0.0000  3639.3422 -7782.8753     0.0000
   51    52 1  1  488.0635 -1050.8491     0.0000
                 -203.1365   331.5509     0.0000   488.0635 -1050.8491     0.0000
                 -203.1365   331.5509     0.0000  -203.1365   331.5509     0.0000   488.0635 -1050.8491     0.0000
   52    60 1  1 1216.8737 -2616.5734     0.0000
                 -511.1263   839.4266     0.0000  1216.8737 -2616.5734     0.0000
                 -511.1263   839.4266     0.0000  -511.1263   839.4266     0.0000  1216.8737 -2616.5734     0.0000
   60    59 1  1  665.0321 -1430.9023     0.0000
                 -277.5134   454.1886     0.0000   665.0321 -1430.9023     0.0000
                 -277.5134   454.1886     0.0000  -277.5134   454.1886     0.0000   665.0321 -1430.9023     0.0000
   59    61 1  1  269.0463  -568.7131     0.0000
                 -112.0301   179.8298     0.0000   269.0463  -568.7131     0.0000
                 -112.0301   179.8298     0.0000  -112.0301   179.8298     0.0000   269.0463  -568.7131     0.0000
   52    62 1  1  489.3612  -831.5644     0.0000
                 -206.0535   243.1673     0.0000   489.3612  -831.5644     0.0000
                 -206.0535   243.1673     0.0000  -206.0535   243.1673     0.0000   489.3612  -831.5644     0.0000
   52    53 1  1  456.6107  -980.4907     0.0000
                 -191.3893   315.5093     0.0000   456.6107  -980.4907     0.0000
                 -191.3893   315.5093     0.0000  -191.3893   315.5093     0.0000   456.6107  -980.4907     0.0000
   53    55 1  1  523.0464 -1123.9357     0.0000
                 -217.5250   357.2071     0.0000   523.0464 -1123.9357     0.0000
                 -217.5250   357.2071     0.0000  -217.5250   357.2071     0.0000   523.0464 -1123.9357     0.0000
   55    56 1  1  724.4308 -1548.5538     0.0000
                 -312.3692   525.0462     0.0000   724.4308 -1548.5538     0.0000
                 -312.3692   525.0462     0.0000  -312.3692   525.0462     0.0000   724.4308 -1548.5538     0.0000
   56    57 1  1 1722.7050 -3345.5234     0.0000
                 -722.5780  1055.9860     0.0000  1722.7050 -3345.5234     0.0000
                 -722.5780  1055.9860     0.0000  -722.5780  1055.9860     0.0000  1722.7050 -3345.5234     0.0000
   57    58 1  1  730.8426 -1568.0943     0.0000
                 -305.9574   505.5057     0.0000   730.8426 -1568.0943     0.0000
                 -305.9574   505.5057     0.0000  -305.9574   505.5057     0.0000   730.8426 -1568.0943     0.0000
   58    63 1  1  665.2042 -1426.8958     0.0000
                 -277.3412   458.1951     0.0000   665.2042 -1426.8958     0.0000
                 -277.3412   458.1951     0.0000  -277.3412   458.1951     0.0000   665.2042 -1426.8958     0.0000
   52    54 1  1  522.1407 -1121.9075     0.0000
                 -218.4307   359.2353     0.0000   522.1407 -1121.9075     0.0000
                 -218.4307   359.2353     0.0000  -218.4307   359.2353     0.0000   522.1407 -1121.9075     0.0000
   20    66 1  1 1036.8000 -1555.2000     0.0000
                   -0.0000   518.4000     0.0000  1036.8000 -1555.2000     0.0000
                    0.0000   518.4000     0.0000    -0.0000   518.4000     0.0000  1036.8000 -1555.2000     0.0000
   19    67 1  1 1555.2000 -1036.8000     0.0000
                 -518.4000    -0.0000     0.0000  1555.2000 -1036.8000     0.0000
                 -518.4000     0.0000     0.0000  -518.4000    -0.0000     0.0000  1555.2000 -1036.8000     0.0000
   67    68 1  1  978.2097 -1648.2674     0.0000
                 -412.6196   501.1960     0.0000   978.2097 -1648.2674     0.0000
                 -412.6196   501.1960     0.0000  -412.6196   501.1960     0.0000   978.2097 -1648.2674     0.0000
   68    69 1  1  914.8235 -1067.2941     0.0000
                 -381.1765   228.7059     0.0000   914.8235 -1067.2941     0.0000
                 -381.1765   228.7059     0.0000  -381.1765   228.7059     0.0000   914.8235 -1067.2941     0.0000
   69    70 1  117944.6154-20603.0769     0.0000
                -7975.3846  5316.9231     0.0000 17944.6154-20603.0769     0.0000
                -7975.3846  5316.9231     0.0000 -7975.3846  5316.9231     0.0000 17944.6154-20603.0769     0.0000
   70    71 1  1 1094.0150 -1838.9246     0.0000
                 -362.1647   490.9631     0.0000  1094.0150 -1838.9246     0.0000
                 -362.1647   490.9631     0.0000  -362.1647   490.9631     0.0000  1094.0150 -1838.9246     0.0000
   71    74 1  1  916.6880  -409.1177     0.0000
                 -120.1120   109.2823     0.0000   916.6880  -409.1177     0.0000
                 -120.1120   109.2823     0.0000  -120.1120   109.2823     0.0000   916.6880  -409.1177     0.0000
   71    72 1  1  756.4075 -1610.6264     0.0000
                 -280.3925   462.9736     0.0000   756.4075 -1610.6264     0.0000
                 -280.3925   462.9736     0.0000  -280.3925   462.9736     0.0000   756.4075 -1610.6264     0.0000
   72    73 1  1 1625.5441 -2926.1950     0.0000
                 -661.5147   885.5697     0.0000  1625.5441 -2926.1950     0.0000
                 -661.5147   885.5697     0.0000  -661.5147   885.5697     0.0000  1625.5441 -2926.1950     0.0000
   18    76 1  1 1061.3822  -394.7089     0.0000
                  -70.9779    -8.0493     0.0000  1061.3822  -394.7089     0.0000
                  -70.9779    -8.0493     0.0000   -70.9779    -8.0493     0.0000  1061.3822  -394.7089     0.0000
    4    77 1  1  645.4588  -249.0353     0.0000
                 -132.1412    10.1647     0.0000   645.4588  -249.0353     0.0000
                 -132.1412    10.1647     0.0000  -132.1412    10.1647     0.0000   645.4588  -249.0353     0.0000
    3    78 1  1 2134.5882 -1829.6471     0.0000
                 -457.4118   762.3529     0.0000  2134.5882 -1829.6471     0.0000
                 -457.4118   762.3529     0.0000  -457.4118   762.3529     0.0000  2134.5882 -1829.6471     0.0000
   72    47 1  1  645.4588  -249.0353     0.0000				 
                 -132.1412    10.1647     0.0000   645.4588  -249.0353     0.0000				 
                 -132.1412    10.1647     0.0000  -132.1412    10.1647     0.0000   645.4588  -249.0353     0.0000				 
    8    74 1  1  645.4588  -249.0353     0.0000				 
                 -132.1412    10.1647     0.0000   645.4588  -249.0353     0.0000				 
                 -132.1412    10.1647     0.0000  -132.1412    10.1647     0.0000   645.4588  -249.0353     0.0000				 
   37    61 1  1  645.4588  -249.0353     0.0000				 
                 -132.1412    10.1647     0.0000   645.4588  -249.0353     0.0000				 
                 -132.1412    10.1647     0.0000  -132.1412    10.1647     0.0000   645.4588  -249.0353     0.0000				 
   63    61 1  1  645.4588  -249.0353     0.0000				 
                 -132.1412    10.1647     0.0000   645.4588  -249.0353     0.0000				 
                 -132.1412    10.1647     0.0000  -132.1412    10.1647     0.0000   645.4588  -249.0353     0.0000	
  113   107 1  1  645.4588  -249.0353     0.0000				 
                 -132.1412    10.1647     0.0000   645.4588  -249.0353     0.0000				 
                 -132.1412    10.1647     0.0000  -132.1412    10.1647     0.0000   645.4588  -249.0353     0.0000
   86   118 1  1  645.4588  -249.0353     0.0000				 
                 -132.1412    10.1647     0.0000   645.4588  -249.0353     0.0000				 
                 -132.1412    10.1647     0.0000  -132.1412    10.1647     0.0000   645.4588  -249.0353     0.0000	
   93   108 1  1  645.4588  -249.0353     0.0000				 
                 -132.1412    10.1647     0.0000   645.4588  -249.0353     0.0000				 
                 -132.1412    10.1647     0.0000  -132.1412    10.1647     0.0000   645.4588  -249.0353     0.0000
   63    97 1  1  665.2042 -1426.8958     0.0000
                 -277.3412   458.1951     0.0000   665.2042 -1426.8958     0.0000
                 -277.3412   458.1951     0.0000  -277.3412   458.1951     0.0000   665.2042 -1426.8958     0.0000				 
 -999
REGULATOR DATA
 -999
BUS DATA
    1 BUSNUMBER001  1 A  3  1.000   0.00     0.00     0.00    10.00    10.00     7.2  1.000  -200.00   200.00     0.0000     0.0000    -1.0000    -1.0000  0.0000  0.000
                      B     1.000-120.00     0.00     0.00    10.00    10.00     7.2  1.000  -200.00   200.00     0.0000     0.0000    -1.0000    -1.0000  0.0000  0.000
                      C     1.000 120.00     0.00     0.00    10.00    10.00     7.2  1.000  -200.00   200.00     0.0000     0.0000    -1.0000    -1.0000  0.0000  0.000
    2 BUSNUMBER002  1 A  0  1.000   0.00     0.00     0.00     0.00     0.00     7.2  1.000  -200.00   200.00     0.0000     0.0000    -1.0000    -1.0000  0.0000  0.000
                      B     1.000-120.00     0.00     0.00     0.00     0.00     7.2  1.000  -200.00   200.00     0.0000     0.0000    -1.0000    -1.0000  0.0000  0.000
                      C     1.000 120.00     0.00     0.00     0.00     0.00     7.2  1.000  -200.00   200.00     0.0000     0.0000    -1.0000    -1.0000  0.0000  0.000
    3 BUSNUMBER003  1 A  0  1.000   0.00     0.00     0.00     0.00     0.00     7.2  1.000  -200.00   200.00     0.0000     0.0000    -1.0000    -1.0000  0.0000  0.000
                      B     1.000-120.00     0.00     0.00     0.00     0.00     7.2  1.000  -200.00   200.00     0.0000     0.0000    -1.0000    -1.0000  0.0000  0.000
                      C     1.000 120.00     0.00     0.00     0.00     0.00     7.2  1.000  -200.00   200.00     0.0000     0.0000    -1.0000    -1.0000  0.0000  0.000
    4 BUSNUMBER004  1 A  0  1.000   0.00     0.00     0.00     0.00     0.00     7.2  1.000  -200.00   200.00     0.0000     0.0000    -1.0000    -1.0000  0.0000  0.000
                      B     1.000-120.00     0.00     0.00     0.00     0.00     7.2  1.000  -200.00   200.00     0.0000     0.0000    -1.0000    -1.0000  0.0000  0.000
                      C     1.000 120.00     0.00     0.00     0.00     0.00     7.2  1.000  -200.00   200.00     0.0000     0.0000    -1.0000    -1.0000  0.0000  0.000
    5 BUSNUMBER005  1 A  0  1.000   0.00     0.00     0.00     0.00     0.00     7.2  1.000  -200.00   200.00     0.0000     0.0000    -1.0000    -1.0000  0.0000  0.000
                      B     1.000-120.00     0.00     0.00     0.00     0.00     7.2  1.000  -200.00   200.00     0.0000     0.0000    -1.0000    -1.0000  0.0000  0.000
                      C     1.000 120.00     0.00     0.00     0.00     0.00     7.2  1.000  -200.00   200.00     0.0000     0.0000    -1.0000    -1.0000  0.0000  0.000
    6 BUSNUMBER006  1 A  0  1.000   0.00     0.00     0.00     0.00     0.00     7.2  1.000  -200.00   200.00     0.0000     0.0000    -1.0000    -1.0000  0.0000  0.000
                      B     1.000-120.00     0.00     0.00     0.00     0.00     7.2  1.000  -200.00   200.00     0.0000     0.0000    -1.0000    -1.0000  0.0000  0.000
                      C     1.000 120.00     0.00     0.00     0.00     0.00     7.2  1.000  -200.00   200.00     0.0000     0.0000    -1.0000    -1.0000  0.0000  0.000
    7 BUSNUMBER007  1 A  0  1.000   0.00     0.00     0.00     0.00     0.00     7.2  1.000  -200.00   200.00     0.0000     0.0000    -1.0000    -1.0000  0.0000  0.000
                      B     1.000-120.00     0.00     0.00     0.00     0.00     7.2  1.000  -200.00   200.00     0.0000     0.0000    -1.0000    -1.0000  0.0000  0.000
                      C     1.000 120.00     0.00     0.00     0.00     0.00     7.2  1.000  -200.00   200.00     0.0000     0.0000    -1.0000    -1.0000  0.0000  0.000
    8 BUSNUMBER008  1 A  0  1.000   0.00     0.03     0.02     0.00     0.00     7.2  1.000  -200.00   200.00     0.0000     0.0000    -1.0000    -1.0000  0.0000  0.000
                      B     1.000-120.00     0.03     0.02     0.00     0.00     7.2  1.000  -200.00   200.00     0.0000     0.0000    -1.0000    -1.0000  0.0000  0.000
                      C     1.000 120.00     0.03     0.02     0.00     0.00     7.2  1.000  -200.00   200.00     0.0000     0.0000    -1.0000    -1.0000  0.0000  0.000
    9 BUSNUMBER009  1 A  0  1.000   0.00     0.00     0.00     0.00     0.00     7.2  1.000  -200.00   200.00     0.0000     0.0000    -1.0000    -1.0000  0.0000  0.000
                      B     1.000-120.00     0.00     0.00     0.00     0.00     7.2  1.000  -200.00   200.00     0.0000     0.0000    -1.0000    -1.0000  0.0000  0.000
                      C     1.000 120.00     0.00     0.00     0.00     0.00     7.2  1.000  -200.00   200.00     0.0000     0.0000    -1.0000    -1.0000  0.0000  0.000
   10 BUSNUMBER010  1 A  0  1.000   0.00     0.00     0.00     0.00     0.00     7.2  1.000  -200.00   200.00     0.0000     0.0000    -1.0000    -1.0000  0.0000  0.000
                      B     1.000-120.00     0.00     0.00     0.00     0.00     7.2  1.000  -200.00   200.00     0.0000     0.0000    -1.0000    -1.0000  0.0000  0.000
                      C     1.000 120.00     0.00     0.00     0.00     0.00     7.2  1.000  -200.00   200.00     0.0000     0.0000    -1.0000    -1.0000  0.0000  0.000
   11 BUSNUMBER011  1 A  0  1.000   0.00     0.00     0.00     0.00     0.00     7.2  1.000  -200.00   200.00     0.0000     0.0000    -1.0000    -1.0000  0.0000  0.000
                      B     1.000-120.00     0.00     0.00     0.00     0.00     7.2  1.000  -200.00   200.00     0.0000     0.0000    -1.0000    -1.0000  0.0000  0.000
                      C     1.000 120.00     0.00     0.00     0.00     0.00     7.2  1.000  -200.00   200.00     0.0000     0.0000    -1.0000    -1.0000  0.0000  0.000
   12 BUSNUMBER012  1 A  0  1.000   0.00     0.00     0.00     0.00     0.00     7.2  1.000  -200.00   200.00     0.0000     0.0000    -1.0000    -1.0000  0.0000  0.000
                      B     1.000-120.00     0.00     0.00     0.00     0.00     7.2  1.000  -200.00   200.00     0.0000     0.0000    -1.0000    -1.0000  0.0000  0.000
                      C     1.000 120.00     0.00     0.00     0.00     0.00     7.2  1.000  -200.00   200.00     0.0000     0.0000    -1.0000    -1.0000  0.0000  0.000
   13 BUSNUMBER013  1 A  0  1.000   0.00     0.00     0.00     0.00     0.00     7.2  1.000  -200.00   200.00     0.0000     0.0000    -1.0000    -1.0000  0.0000  0.000
                      B     1.000-120.00     0.00     0.00     0.00     0.00     7.2  1.000  -200.00   200.00     0.0000     0.0000    -1.0000    -1.0000  0.0000  0.000
                      C     1.000 120.00     0.00     0.00     0.00     0.00     7.2  1.000  -200.00   200.00     0.0000     0.0000    -1.0000    -1.0000  0.0000  0.000
   14 BUSNUMBER014  1 A  0  1.000   0.00     0.00     0.00     0.00     0.00     7.2  1.000  -200.00   200.00     0.0000     0.0000    -1.0000    -1.0000  0.0000  0.000
                      B     1.000-120.00     0.00     0.00     0.00     0.00     7.2  1.000  -200.00   200.00     0.0000     0.0000    -1.0000    -1.0000  0.0000  0.000
                      C     1.000 120.00     0.00     0.00     0.00     0.00     7.2  1.000  -200.00   200.00     0.0000     0.0000    -1.0000    -1.0000  0.0000  0.000
   15 BUSNUMBER015  1 A  0  1.000   0.00     0.00     0.00     0.00     0.00     7.2  1.000  -200.00   200.00     0.0000     0.0000    -1.0000    -1.0000  0.0000  0.000
                      B     1.000-120.00     0.00     0.00     0.00     0.00     7.2  1.000  -200.00   200.00     0.0000     0.0000    -1.0000    -1.0000  0.0000  0.000
                      C     1.000 120.00     0.00     0.00     0.00     0.00     7.2  1.000  -200.00   200.00     0.0000     0.0000    -1.0000    -1.0000  0.0000  0.000
   16 BUSNUMBER016  1 A  0  1.000   0.00     0.22     0.11     0.00     0.00     7.2  1.000  -200.00   200.00     0.0000     0.0000    -1.0000    -1.0000  0.0000  0.000
                      B     1.000-120.00     0.22     0.11     0.00     0.00     7.2  1.000  -200.00   200.00     0.0000     0.0000    -1.0000    -1.0000  0.0000  0.000
                      C     1.000 120.00     0.22     0.11     0.00     0.00     7.2  1.000  -200.00   200.00     0.0000     0.0000    -1.0000    -1.0000  0.0000  0.000
   17 BUSNUMBER017  1 A  0  1.000   0.00     0.00     0.00     0.00     0.00     7.2  1.000  -200.00   200.00     0.0000     0.0000    -1.0000    -1.0000  0.0000  0.000
                      B     1.000-120.00     0.00     0.00     0.00     0.00     7.2  1.000  -200.00   200.00     0.0000     0.0000    -1.0000    -1.0000  0.0000  0.000
                      C     1.000 120.00     0.00     0.00     0.00     0.00     7.2  1.000  -200.00   200.00     0.0000     0.0000    -1.0000    -1.0000  0.0000  0.000
   18 BUSNUMBER018  1 A  0  1.000   0.00     0.00     0.00     0.00     0.00     7.2  1.000  -200.00   200.00     0.0000     0.0000    -1.0000    -1.0000  0.0000  0.000
                      B     1.000-120.00     0.00     0.00     0.00     0.00     7.2  1.000  -200.00   200.00     0.0000     0.0000    -1.0000    -1.0000  0.0000  0.000
                      C     1.000 120.00     0.00     0.00     0.00     0.00     7.2  1.000  -200.00   200.00     0.0000     0.0000    -1.0000    -1.0000  0.0000  0.000
   19 BUSNUMBER019  1 A  0  1.000   0.00     0.00     0.00     0.00     0.00     7.2  1.000  -200.00   200.00     0.0000     0.0000    -1.0000    -1.0000  0.0000  0.000
                      B     1.000-120.00     0.00     0.00     0.00     0.00     7.2  1.000  -200.00   200.00     0.0000     0.0000    -1.0000    -1.0000  0.0000  0.000
                      C     1.000 120.00     0.00     0.00     0.00     0.00     7.2  1.000  -200.00   200.00     0.0000     0.0000    -1.0000    -1.0000  0.0000  0.000
   20 BUSNUMBER020  1 A  0  1.000   0.00     0.00     0.00     0.00     0.00     7.2  1.000  -200.00   200.00     0.0000     0.0000    -1.0000    -1.0000  0.0000  0.000
                      B     1.000-120.00     0.00     0.00     0.00     0.00     7.2  1.000  -200.00   200.00     0.0000     0.0000    -1.0000    -1.0000  0.0000  0.000
                      C     1.000 120.00     0.00     0.00     0.00     0.00     7.2  1.000  -200.00   200.00     0.0000     0.0000    -1.0000    -1.0000  0.0000  0.000
   21 BUSNUMBER021  1 A  0  1.000   0.00     0.00     0.00     0.00     0.00     7.2  1.000  -200.00   200.00     0.0000     0.0000    -1.0000    -1.0000  0.0000  0.000
                      B     1.000-120.00     0.00     0.00     0.00     0.00     7.2  1.000  -200.00   200.00     0.0000     0.0000    -1.0000    -1.0000  0.0000  0.000
                      C     1.000 120.00     0.00     0.00     0.00     0.00     7.2  1.000  -200.00   200.00     0.0000     0.0000    -1.0000    -1.0000  0.0000  0.000
   22 BUSNUMBER022  1 A  0  1.000   0.00     0.00     0.00     0.00     0.00     7.2  1.000  -200.00   200.00     0.0000     0.0000    -1.0000    -1.0000  0.0000  0.000
                      B     1.000-120.00     0.00     0.00     0.00     0.00     7.2  1.000  -200.00   200.00     0.0000     0.0000    -1.0000    -1.0000  0.0000  0.000
                      C     1.000 120.00     0.00     0.00     0.00     0.00     7.2  1.000  -200.00   200.00     0.0000     0.0000    -1.0000    -1.0000  0.0000  0.000
   23 BUSNUMBER023  1 A  0  1.000   0.00     0.00     0.00     0.00     0.00     7.2  1.000  -200.00   200.00     0.0000     0.0000    -1.0000    -1.0000  0.0000  0.000
                      B     1.000-120.00     0.00     0.00     0.00     0.00     7.2  1.000  -200.00   200.00     0.0000     0.0000    -1.0000    -1.0000  0.0000  0.000
                      C     1.000 120.00     0.00     0.00     0.00     0.00     7.2  1.000  -200.00   200.00     0.0000     0.0000    -1.0000    -1.0000  0.0000  0.000
   24 BUSNUMBER024  1 A  0  1.000   0.00     0.00     0.00     0.00     0.00     7.2  1.000  -200.00   200.00     0.0000     0.0000    -1.0000    -1.0000  0.0000  0.000
                      B     1.000-120.00     0.00     0.00     0.00     0.00     7.2  1.000  -200.00   200.00     0.0000     0.0000    -1.0000    -1.0000  0.0000  0.000
                      C     1.000 120.00     0.00     0.00     0.00     0.00     7.2  1.000  -200.00   200.00     0.0000     0.0000    -1.0000    -1.0000  0.0000  0.000
   25 BUSNUMBER025  1 A  0  1.000   0.00     0.00     0.00     0.00     0.00     7.2  1.000  -200.00   200.00     0.0000     0.0000    -1.0000    -1.0000  0.0000  0.000
                      B     1.000-120.00     0.00     0.00     0.00     0.00     7.2  1.000  -200.00   200.00     0.0000     0.0000    -1.0000    -1.0000  0.0000  0.000
                      C     1.000 120.00     0.00     0.00     0.00     0.00     7.2  1.000  -200.00   200.00     0.0000     0.0000    -1.0000    -1.0000  0.0000  0.000
   26 BUSNUMBER026  1 A  2  1.000   0.00     0.00     0.00     0.10     0.00     7.2  1.000  -200.00   200.00     0.0000     0.0000    -1.0000    -1.0000  0.0000  0.000
                      B     1.000-120.00     0.00     0.00     0.10     0.00     7.2  1.000  -200.00   200.00     0.0000     0.0000    -1.0000    -1.0000  0.0000  0.000
                      C     1.000 120.00     0.00     0.00     0.10     0.00     7.2  1.000  -200.00   200.00     0.0000     0.0000    -1.0000    -1.0000  0.0000  0.000
   27 BUSNUMBER027  1 A  0  1.000   0.00     0.00     0.00     0.00     0.00     7.2  1.000  -200.00   200.00     0.0000     0.6000    -1.0000    -1.0000  0.0000  0.000
                      B     1.000-120.00     0.00     0.00     0.00     0.00     7.2  1.000  -200.00   200.00     0.0000     0.6000    -1.0000    -1.0000  0.0000  0.000
                      C     1.000 120.00     0.00     0.00     0.00     0.00     7.2  1.000  -200.00   200.00     0.0000     0.6000    -1.0000    -1.0000  0.0000  0.000
   28 BUSNUMBER028  1 A  0  1.000   0.00     0.00     0.00     0.00     0.00     7.2  1.000  -200.00   200.00     0.0000     0.0000    -1.0000    -1.0000  0.0000  0.000
                      B     1.000-120.00     0.00     0.00     0.00     0.00     7.2  1.000  -200.00   200.00     0.0000     0.0000    -1.0000    -1.0000  0.0000  0.000
                      C     1.000 120.00     0.00     0.00     0.00     0.00     7.2  1.000  -200.00   200.00     0.0000     0.0000    -1.0000    -1.0000  0.0000  0.000
   29 BUSNUMBER029  1 A  0  1.000   0.00     0.00     0.00     0.00     0.00     7.2  1.000  -200.00   200.00     0.0000     0.0000    -1.0000    -1.0000  0.0000  0.000
                      B     1.000-120.00     0.00     0.00     0.00     0.00     7.2  1.000  -200.00   200.00     0.0000     0.0000    -1.0000    -1.0000  0.0000  0.000
                      C     1.000 120.00     0.00     0.00     0.00     0.00     7.2  1.000  -200.00   200.00     0.0000     0.0000    -1.0000    -1.0000  0.0000  0.000
   30 BUSNUMBER030  1 A  0  1.000   0.00     0.02     0.01     0.00     0.00     7.2  1.000  -200.00   200.00     0.0000     0.0000    -1.0000    -1.0000  0.0000  0.000
                      B     1.000-120.00     0.02     0.01     0.00     0.00     7.2  1.000  -200.00   200.00     0.0000     0.0000    -1.0000    -1.0000  0.0000  0.000
                      C     1.000 120.00     0.02     0.01     0.00     0.00     7.2  1.000  -200.00   200.00     0.0000     0.0000    -1.0000    -1.0000  0.0000  0.000
   31 BUSNUMBER031  1 A  0  1.000   0.00     0.00     0.00     0.00     0.00     7.2  1.000  -200.00   200.00     0.0000     0.0000    -1.0000    -1.0000  0.0000  0.000
                      B     1.000-120.00     0.00     0.00     0.00     0.00     7.2  1.000  -200.00   200.00     0.0000     0.0000    -1.0000    -1.0000  0.0000  0.000
                      C     1.000 120.00     0.00     0.00     0.00     0.00     7.2  1.000  -200.00   200.00     0.0000     0.0000    -1.0000    -1.0000  0.0000  0.000
   32 BUSNUMBER032  1 A  0  1.000   0.00     0.00     0.00     0.00     0.00     7.2  1.000  -200.00   200.00     0.0000     0.0000    -1.0000    -1.0000  0.0000  0.000
                      B     1.000-120.00     0.00     0.00     0.00     0.00     7.2  1.000  -200.00   200.00     0.0000     0.0000    -1.0000    -1.0000  0.0000  0.000
                      C     1.000 120.00     0.00     0.00     0.00     0.00     7.2  1.000  -200.00   200.00     0.0000     0.0000    -1.0000    -1.0000  0.0000  0.000
   33 BUSNUMBER033  1 A  0  1.000   0.00     0.02     0.01     0.00     0.00     7.2  1.000  -200.00   200.00     0.0000     0.6000    -1.0000    -1.0000  0.0000  0.000
                      B     1.000-120.00     0.00     0.00     0.00     0.00     7.2  1.000  -200.00   200.00     0.0000     0.6000    -1.0000    -1.0000  0.0000  0.000
                      C     1.000 120.00     0.00     0.00     0.00     0.00     7.2  1.000  -200.00   200.00     0.0000     0.6000    -1.0000    -1.0000  0.0000  0.000
   34 BUSNUMBER034  1 A  0  1.000   0.00     0.00     0.00     0.00     0.00     7.2  1.000  -200.00   200.00     0.0000     0.0000    -1.0000    -1.0000  0.0000  0.000
                      B     1.000-120.00     0.00     0.00     0.00     0.00     7.2  1.000  -200.00   200.00     0.0000     0.0000    -1.0000    -1.0000  0.0000  0.000
                      C     1.000 120.00     0.00     0.00     0.00     0.00     7.2  1.000  -200.00   200.00     0.0000     0.0000    -1.0000    -1.0000  0.0000  0.000
   35 BUSNUMBER035  1 A  0  1.000   0.00     0.00     0.00     0.00     0.00     7.2  1.000  -200.00   200.00     0.0000     0.0000    -1.0000    -1.0000  0.0000  0.000
                      B     1.000-120.00     0.00     0.00     0.00     0.00     7.2  1.000  -200.00   200.00     0.0000     0.0000    -1.0000    -1.0000  0.0000  0.000
                      C     1.000 120.00     0.00     0.00     0.00     0.00     7.2  1.000  -200.00   200.00     0.0000     0.0000    -1.0000    -1.0000  0.0000  0.000
   36 BUSNUMBER036  1 A  0  1.000   0.00     0.00     0.00     0.00     0.00     7.2  1.000  -200.00   200.00     0.0000     0.0000    -1.0000    -1.0000  0.0000  0.000
                      B     1.000-120.00     0.00     0.00     0.00     0.00     7.2  1.000  -200.00   200.00     0.0000     0.0000    -1.0000    -1.0000  0.0000  0.000
                      C     1.000 120.00     0.00     0.00     0.00     0.00     7.2  1.000  -200.00   200.00     0.0000     0.0000    -1.0000    -1.0000  0.0000  0.000
   37 BUSNUMBER037  1 A  0  1.000   0.00     0.00     0.00     0.00     0.00     7.2  1.000  -200.00   200.00     0.0000     0.0000    -1.0000    -1.0000  0.0000  0.000
                      B     1.000-120.00     0.00     0.00     0.00     0.00     7.2  1.000  -200.00   200.00     0.0000     0.0000    -1.0000    -1.0000  0.0000  0.000
                      C     1.000 120.00     0.00     0.00     0.00     0.00     7.2  1.000  -200.00   200.00     0.0000     0.0000    -1.0000    -1.0000  0.0000  0.000
   38 BUSNUMBER038  1 A  0  1.000   0.00     0.02     0.01     0.00     0.00     7.2  1.000  -200.00   200.00     0.0000     0.0000    -1.0000    -1.0000  0.0000  0.000
                      B     1.000-120.00     0.02     0.01     0.00     0.00     7.2  1.000  -200.00   200.00     0.0000     0.0000    -1.0000    -1.0000  0.0000  0.000
                      C     1.000 120.00     0.02     0.01     0.00     0.00     7.2  1.000  -200.00   200.00     0.0000     0.0000    -1.0000    -1.0000  0.0000  0.000
   39 BUSNUMBER039  1 A  0  1.000   0.00     0.00     0.00     0.00     0.00     7.2  1.000  -200.00   200.00     0.0000     0.0000    -1.0000    -1.0000  0.0000  0.000
                      B     1.000-120.00     0.00     0.00     0.00     0.00     7.2  1.000  -200.00   200.00     0.0000     0.0000    -1.0000    -1.0000  0.0000  0.000
                      C     1.000 120.00     0.00     0.00     0.00     0.00     7.2  1.000  -200.00   200.00     0.0000     0.0000    -1.0000    -1.0000  0.0000  0.000
   40 BUSNUMBER040  1 A  0  1.000   0.00     0.00     0.00     0.00     0.00     7.2  1.000  -200.00   200.00     0.0000     0.0000    -1.0000    -1.0000  0.0000  0.000
                      B     1.000-120.00     0.00     0.00     0.00     0.00     7.2  1.000  -200.00   200.00     0.0000     0.0000    -1.0000    -1.0000  0.0000  0.000
                      C     1.000 120.00     0.00     0.00     0.00     0.00     7.2  1.000  -200.00   200.00     0.0000     0.0000    -1.0000    -1.0000  0.0000  0.000
   41 BUSNUMBER041  1 A  0  1.000   0.00     0.00     0.00     0.00     0.00     7.2  1.000  -200.00   200.00     0.0000     0.0000    -1.0000    -1.0000  0.0000  0.000
                      B     1.000-120.00     0.00     0.00     0.00     0.00     7.2  1.000  -200.00   200.00     0.0000     0.0000    -1.0000    -1.0000  0.0000  0.000
                      C     1.000 120.00     0.00     0.00     0.00     0.00     7.2  1.000  -200.00   200.00     0.0000     0.0000    -1.0000    -1.0000  0.0000  0.000
   42 BUSNUMBER042  1 A  0  1.000   0.00     0.02     0.01     0.00     0.00     7.2  1.000  -200.00   200.00     0.0000     0.0000    -1.0000    -1.0000  0.0000  0.000
                      B     1.000-120.00     0.02     0.01     0.00     0.00     7.2  1.000  -200.00   200.00     0.0000     0.0000    -1.0000    -1.0000  0.0000  0.000
                      C     1.000 120.00     0.02     0.01     0.00     0.00     7.2  1.000  -200.00   200.00     0.0000     0.0000    -1.0000    -1.0000  0.0000  0.000
   43 BUSNUMBER043  1 A  0  1.000   0.00     0.00     0.00     0.00     0.00     7.2  1.000  -200.00   200.00     0.0000     0.0000    -1.0000    -1.0000  0.0000  0.000
                      B     1.000-120.00     0.00     0.00     0.00     0.00     7.2  1.000  -200.00   200.00     0.0000     0.0000    -1.0000    -1.0000  0.0000  0.000
                      C     1.000 120.00     0.00     0.00     0.00     0.00     7.2  1.000  -200.00   200.00     0.0000     0.0000    -1.0000    -1.0000  0.0000  0.000
   44 BUSNUMBER044  1 A  0  1.000   0.00     0.00     0.00     0.00     0.00     7.2  1.000  -200.00   200.00     0.0000     0.0000    -1.0000    -1.0000  0.0000  0.000
                      B     1.000-120.00     0.00     0.00     0.00     0.00     7.2  1.000  -200.00   200.00     0.0000     0.0000    -1.0000    -1.0000  0.0000  0.000
                      C     1.000 120.00     0.00     0.00     0.00     0.00     7.2  1.000  -200.00   200.00     0.0000     0.0000    -1.0000    -1.0000  0.0000  0.000
   45 BUSNUMBER045  1 A  0  1.000   0.00     0.00     0.00     0.00     0.00     7.2  1.000  -200.00   200.00     0.0000     0.0000    -1.0000    -1.0000  0.0000  0.000
                      B     1.000-120.00     0.00     0.00     0.00     0.00     7.2  1.000  -200.00   200.00     0.0000     0.0000    -1.0000    -1.0000  0.0000  0.000
                      C     1.000 120.00     0.00     0.00     0.00     0.00     7.2  1.000  -200.00   200.00     0.0000     0.0000    -1.0000    -1.0000  0.0000  0.000
   46 BUSNUMBER046  1 A  0  1.000   0.00     0.21     0.10     0.00     0.00     7.2  1.000  -200.00   200.00     0.0000     0.0000    -1.0000    -1.0000  0.0000  0.000
                      B     1.000-120.00     0.21     0.10     0.00     0.00     7.2  1.000  -200.00   200.00     0.0000     0.0000    -1.0000    -1.0000  0.0000  0.000
                      C     1.000 120.00     0.21     0.10     0.00     0.00     7.2  1.000  -200.00   200.00     0.0000     0.0000    -1.0000    -1.0000  0.0000  0.000
   47 BUSNUMBER047  1 A  0  1.000   0.00     0.00     0.00     0.00     0.00     7.2  1.000  -200.00   200.00     0.0000     0.0000    -1.0000    -1.0000  0.0000  0.000
                      B     1.000-120.00     0.00     0.00     0.00     0.00     7.2  1.000  -200.00   200.00     0.0000     0.0000    -1.0000    -1.0000  0.0000  0.000
                      C     1.000 120.00     0.00     0.00     0.00     0.00     7.2  1.000  -200.00   200.00     0.0000     0.0000    -1.0000    -1.0000  0.0000  0.000
   48 BUSNUMBER048  1 A  0  1.000   0.00     0.00     0.00     0.00     0.00     7.2  1.000  -200.00   200.00     0.0000     0.0000    -1.0000    -1.0000  0.0000  0.000
                      B     1.000-120.00     0.00     0.00     0.00     0.00     7.2  1.000  -200.00   200.00     0.0000     0.0000    -1.0000    -1.0000  0.0000  0.000
                      C     1.000 120.00     0.00     0.00     0.00     0.00     7.2  1.000  -200.00   200.00     0.0000     0.0000    -1.0000    -1.0000  0.0000  0.000
   49 BUSNUMBER049  1 A  0  1.000   0.00     0.00     0.00     0.00     0.00     7.2  1.000  -200.00   200.00     0.0000     0.0000    -1.0000    -1.0000  0.0000  0.000
                      B     1.000-120.00     0.00     0.00     0.00     0.00     7.2  1.000  -200.00   200.00     0.0000     0.0000    -1.0000    -1.0000  0.0000  0.000
                      C     1.000 120.00     0.01     0.01     0.00     0.00     7.2  1.000  -200.00   200.00     0.0000     0.0000    -1.0000    -1.0000  0.0000  0.000
   50 BUSNUMBER050  1 A  0  1.000   0.00     0.00     0.00     0.00     0.00     7.2  1.000  -200.00   200.00     0.0000     0.0000    -1.0000    -1.0000  0.0000  0.000
                      B     1.000-120.00     0.00     0.00     0.00     0.00     7.2  1.000  -200.00   200.00     0.0000     0.0000    -1.0000    -1.0000  0.0000  0.000
                      C     1.000 120.00     0.00     0.00     0.00     0.00     7.2  1.000  -200.00   200.00     0.0000     0.0000    -1.0000    -1.0000  0.0000  0.000
   51 BUSNUMBER051  1 A  0  1.000   0.00     0.00     0.00     0.00     0.00     7.2  1.000  -200.00   200.00     0.0000     0.6000    -1.0000    -1.0000  0.0000  0.000
                      B     1.000-120.00     0.00     0.00     0.00     0.00     7.2  1.000  -200.00   200.00     0.0000     0.6000    -1.0000    -1.0000  0.0000  0.000
                      C     1.000 120.00     0.00     0.00     0.00     0.00     7.2  1.000  -200.00   200.00     0.0000     0.6000    -1.0000    -1.0000  0.0000  0.000
   52 BUSNUMBER052  1 A  0  1.000   0.00     0.00     0.00     0.00     0.00     7.2  1.000  -200.00   200.00     0.0000     0.0000    -1.0000    -1.0000  0.0000  0.000
                      B     1.000-120.00     0.00     0.00     0.00     0.00     7.2  1.000  -200.00   200.00     0.0000     0.0000    -1.0000    -1.0000  0.0000  0.000
                      C     1.000 120.00     0.00     0.00     0.00     0.00     7.2  1.000  -200.00   200.00     0.0000     0.0000    -1.0000    -1.0000  0.0000  0.000
   53 BUSNUMBER053  1 A  0  1.000   0.00     0.00     0.00     0.00     0.00     7.2  1.000  -200.00   200.00     0.0000     0.0000    -1.0000    -1.0000  0.0000  0.000
                      B     1.000-120.00     0.00     0.00     0.00     0.00     7.2  1.000  -200.00   200.00     0.0000     0.0000    -1.0000    -1.0000  0.0000  0.000
                      C     1.000 120.00     0.00     0.00     0.00     0.00     7.2  1.000  -200.00   200.00     0.0000     0.0000    -1.0000    -1.0000  0.0000  0.000
   54 BUSNUMBER054  1 A  0  1.000   0.00     0.01     0.01     0.00     0.00     7.2  1.000  -200.00   200.00     0.0000     0.0000    -1.0000    -1.0000  0.0000  0.000
                      B     1.000-120.00     0.01     0.01     0.00     0.00     7.2  1.000  -200.00   200.00     0.0000     0.0000    -1.0000    -1.0000  0.0000  0.000
                      C     1.000 120.00     0.01     0.01     0.00     0.00     7.2  1.000  -200.00   200.00     0.0000     0.0000    -1.0000    -1.0000  0.0000  0.000
   55 BUSNUMBER055  1 A  0  1.000   0.00     0.01     0.01     0.00     0.00     7.2  1.000  -200.00   200.00     0.0000     0.0000    -1.0000    -1.0000  0.0000  0.000
                      B     1.000-120.00     0.01     0.01     0.00     0.00     7.2  1.000  -200.00   200.00     0.0000     0.0000    -1.0000    -1.0000  0.0000  0.000
                      C     1.000 120.00     0.01     0.01     0.00     0.00     7.2  1.000  -200.00   200.00     0.0000     0.0000    -1.0000    -1.0000  0.0000  0.000
   56 BUSNUMBER056  1 A  0  1.000   0.00     0.01     0.00     0.00     0.00     7.2  1.000  -200.00   200.00     0.0000     0.0000    -1.0000    -1.0000  0.0000  0.000
                      B     1.000-120.00     0.01     0.00     0.00     0.00     7.2  1.000  -200.00   200.00     0.0000     0.0000    -1.0000    -1.0000  0.0000  0.000
                      C     1.000 120.00     0.01     0.00     0.00     0.00     7.2  1.000  -200.00   200.00     0.0000     0.0000    -1.0000    -1.0000  0.0000  0.000
   57 BUSNUMBER057  1 A  0  1.000   0.00     0.02     0.01     0.00     0.00     7.2  1.000  -200.00   200.00     0.0000     0.0000    -1.0000    -1.0000  0.0000  0.000
                      B     1.000-120.00     0.02     0.01     0.00     0.00     7.2  1.000  -200.00   200.00     0.0000     0.0000    -1.0000    -1.0000  0.0000  0.000
                      C     1.000 120.00     0.02     0.01     0.00     0.00     7.2  1.000  -200.00   200.00     0.0000     0.0000    -1.0000    -1.0000  0.0000  0.000
   58 BUSNUMBER058  1 A  0  1.000   0.00     0.00     0.00     0.00     0.00     7.2  1.000  -200.00   200.00     0.0000     0.0000    -1.0000    -1.0000  0.0000  0.000
                      B     1.000-120.00     0.00     0.00     0.00     0.00     7.2  1.000  -200.00   200.00     0.0000     0.0000    -1.0000    -1.0000  0.0000  0.000
                      C     1.000 120.00     0.00     0.00     0.00     0.00     7.2  1.000  -200.00   200.00     0.0000     0.0000    -1.0000    -1.0000  0.0000  0.000
   59 BUSNUMBER059  1 A  0  1.000   0.00     0.00     0.00     0.00     0.00     7.2  1.000  -200.00   200.00     0.0000     0.0000    -1.0000    -1.0000  0.0000  0.000
                      B     1.000-120.00     0.00     0.00     0.00     0.00     7.2  1.000  -200.00   200.00     0.0000     0.0000    -1.0000    -1.0000  0.0000  0.000
                      C     1.000 120.00     0.00     0.00     0.00     0.00     7.2  1.000  -200.00   200.00     0.0000     0.0000    -1.0000    -1.0000  0.0000  0.000
   60 BUSNUMBER060  1 A  0  1.000   0.00     0.05     0.02     0.00     0.00     7.2  1.000  -200.00   200.00     0.0000     0.0000    -1.0000    -1.0000  0.0000  0.000
                      B     1.000-120.00     0.00     0.00     0.00     0.00     7.2  1.000  -200.00   200.00     0.0000     0.0000    -1.0000    -1.0000  0.0000  0.000
                      C     1.000 120.00     0.05     0.02     0.00     0.00     7.2  1.000  -200.00   200.00     0.0000     0.0000    -1.0000    -1.0000  0.0000  0.000
   61 BUSNUMBER061  1 A  2  1.000   0.00     0.00     0.00     0.10     0.00     7.2  1.000  -200.00   200.00     0.0000     0.0000    -1.0000    -1.0000  0.0000  0.000
                      B     1.000-120.00     0.00     0.00     0.10     0.00     7.2  1.000  -200.00   200.00     0.0000     0.0000    -1.0000    -1.0000  0.0000  0.000
                      C     1.000 120.00     0.00     0.00     0.10     0.00     7.2  1.000  -200.00   200.00     0.0000     0.0000    -1.0000    -1.0000  0.0000  0.000
   62 BUSNUMBER062  1 A  0  1.000   0.00     0.00     0.00     0.00     0.00     7.2  1.000  -200.00   200.00     0.0000     0.0000    -1.0000    -1.0000  0.0000  0.000
                      B     1.000-120.00     0.00     0.00     0.00     0.00     7.2  1.000  -200.00   200.00     0.0000     0.0000    -1.0000    -1.0000  0.0000  0.000
                      C     1.000 120.00     0.00     0.00     0.00     0.00     7.2  1.000  -200.00   200.00     0.0000     0.0000    -1.0000    -1.0000  0.0000  0.000
   63 BUSNUMBER063  1 A  0  1.000   0.00     0.00     0.00     0.00     0.00     7.2  1.000  -200.00   200.00     0.0000     0.0000    -1.0000    -1.0000  0.0000  0.000
                      B     1.000-120.00     0.00     0.00     0.00     0.00     7.2  1.000  -200.00   200.00     0.0000     0.0000    -1.0000    -1.0000  0.0000  0.000
                      C     1.000 120.00     0.00     0.00     0.00     0.00     7.2  1.000  -200.00   200.00     0.0000     0.0000    -1.0000    -1.0000  0.0000  0.000
   64 BUSNUMBER064  1 A  0  1.000   0.00     0.05     0.02     0.00     0.00     7.2  1.000  -200.00   200.00     0.0000     0.0000    -1.0000    -1.0000  0.0000  0.000
                      B     1.000-120.00     0.05     0.02     0.00     0.00     7.2  1.000  -200.00   200.00     0.0000     0.0000    -1.0000    -1.0000  0.0000  0.000
                      C     1.000 120.00     0.05     0.02     0.00     0.00     7.2  1.000  -200.00   200.00     0.0000     0.0000    -1.0000    -1.0000  0.0000  0.000
   65 BUSNUMBER065  1 A  0  1.000   0.00     0.00     0.00     0.00     0.00     7.2  1.000  -200.00   200.00     0.0000     0.0000    -1.0000    -1.0000  0.0000  0.000
                      B     1.000-120.00     0.00     0.00     0.00     0.00     7.2  1.000  -200.00   200.00     0.0000     0.0000    -1.0000    -1.0000  0.0000  0.000
                      C     1.000 120.00     0.00     0.00     0.00     0.00     7.2  1.000  -200.00   200.00     0.0000     0.0000    -1.0000    -1.0000  0.0000  0.000
   66 BUSNUMBER066  1 A  0  1.000   0.00     0.00     0.00     0.00     0.00     7.2  1.000  -200.00   200.00     0.0000     0.0000    -1.0000    -1.0000  0.0000  0.000
                      B     1.000-120.00     0.00     0.00     0.00     0.00     7.2  1.000  -200.00   200.00     0.0000     0.0000    -1.0000    -1.0000  0.0000  0.000
                      C     1.000 120.00     0.00     0.00     0.00     0.00     7.2  1.000  -200.00   200.00     0.0000     0.0000    -1.0000    -1.0000  0.0000  0.000
   67 BUSNUMBER067  1 A  0  1.000   0.00     0.00     0.00     0.00     0.00     7.2  1.000  -200.00   200.00     0.0000     0.0000    -1.0000    -1.0000  0.0000  0.000
                      B     1.000-120.00     0.06     0.03     0.00     0.00     7.2  1.000  -200.00   200.00     0.0000     0.0000    -1.0000    -1.0000  0.0000  0.000
                      C     1.000 120.00     0.00     0.00     0.00     0.00     7.2  1.000  -200.00   200.00     0.0000     0.0000    -1.0000    -1.0000  0.0000  0.000
   68 BUSNUMBER068  1 A  0  1.000   0.00     0.00     0.00     0.00     0.00     7.2  1.000  -200.00   200.00     0.0000     0.0000    -1.0000    -1.0000  0.0000  0.000
                      B     1.000-120.00     0.03     0.02     0.00     0.00     7.2  1.000  -200.00   200.00     0.0000     0.0000    -1.0000    -1.0000  0.0000  0.000
                      C     1.000 120.00     0.00     0.00     0.00     0.00     7.2  1.000  -200.00   200.00     0.0000     0.0000    -1.0000    -1.0000  0.0000  0.000
   69 BUSNUMBER069  1 A  0  1.000   0.00     0.04     0.02     0.00     0.00     7.2  1.000  -200.00   200.00     0.0000     0.0000    -1.0000    -1.0000  0.0000  0.000
                      B     1.000-120.00     0.00     0.00     0.00     0.00     7.2  1.000  -200.00   200.00     0.0000     0.0000    -1.0000    -1.0000  0.0000  0.000
                      C     1.000 120.00     0.00     0.00     0.00     0.00     7.2  1.000  -200.00   200.00     0.0000     0.0000    -1.0000    -1.0000  0.0000  0.000
   70 BUSNUMBER070  1 A  0  1.000   0.00     0.00     0.00     0.00     0.00     7.2  1.000  -200.00   200.00     0.0000     0.0000    -1.0000    -1.0000  0.0000  0.000
                      B     1.000-120.00     0.00     0.00     0.00     0.00     7.2  1.000  -200.00   200.00     0.0000     0.0000    -1.0000    -1.0000  0.0000  0.000
                      C     1.000 120.00     0.00     0.00     0.00     0.00     7.2  1.000  -200.00   200.00     0.0000     0.0000    -1.0000    -1.0000  0.0000  0.000
   71 BUSNUMBER071  1 A  0  1.000   0.00     0.00     0.00     0.00     0.00     7.2  1.000  -200.00   200.00     0.0000     0.0000    -1.0000    -1.0000  0.0000  0.000
                      B     1.000-120.00     0.00     0.00     0.00     0.00     7.2  1.000  -200.00   200.00     0.0000     0.0000    -1.0000    -1.0000  0.0000  0.000
                      C     1.000 120.00     0.00     0.00     0.00     0.00     7.2  1.000  -200.00   200.00     0.0000     0.0000    -1.0000    -1.0000  0.0000  0.000
   72 BUSNUMBER072  1 A  0  1.000   0.00     0.03     0.01     0.00     0.00     7.2  1.000  -200.00   200.00     0.0000     0.0000    -1.0000    -1.0000  0.0000  0.000
                      B     1.000-120.00     0.00     0.00     0.00     0.00     7.2  1.000  -200.00   200.00     0.0000     0.0000    -1.0000    -1.0000  0.0000  0.000
                      C     1.000 120.00     0.00     0.00     0.00     0.00     7.2  1.000  -200.00   200.00     0.0000     0.0000    -1.0000    -1.0000  0.0000  0.000
   73 BUSNUMBER073  1 A  0  1.000   0.00     0.00     0.00     0.00     0.00     7.2  1.000  -200.00   200.00     0.0000     0.0000    -1.0000    -1.0000  0.0000  0.000
                      B     1.000-120.00     0.00     0.00     0.00     0.00     7.2  1.000  -200.00   200.00     0.0000     0.0000    -1.0000    -1.0000  0.0000  0.000
                      C     1.000 120.00     0.00     0.00     0.00     0.00     7.2  1.000  -200.00   200.00     0.0000     0.0000    -1.0000    -1.0000  0.0000  0.000
   74 BUSNUMBER074  1 A  0  1.000   0.00     0.00     0.00     0.00     0.00     7.2  1.000  -200.00   200.00     0.0000     0.0000    -1.0000    -1.0000  0.0000  0.000
                      B     1.000-120.00     0.00     0.00     0.00     0.00     7.2  1.000  -200.00   200.00     0.0000     0.0000    -1.0000    -1.0000  0.0000  0.000
                      C     1.000 120.00     0.00     0.00     0.00     0.00     7.2  1.000  -200.00   200.00     0.0000     0.0000    -1.0000    -1.0000  0.0000  0.000
   75 BUSNUMBER075  1 A  0  1.000   0.00     0.00     0.00     0.00     0.00     7.2  1.000  -200.00   200.00     0.0000     0.0000    -1.0000    -1.0000  0.0000  0.000
                      B     1.000-120.00     0.00     0.00     0.00     0.00     7.2  1.000  -200.00   200.00     0.0000     0.0000    -1.0000    -1.0000  0.0000  0.000
                      C     1.000 120.00     0.00     0.00     0.00     0.00     7.2  1.000  -200.00   200.00     0.0000     0.0000    -1.0000    -1.0000  0.0000  0.000
   76 BUSNUMBER076  1 A  0  1.000   0.00     0.00     0.00     0.00     0.00     7.2  1.000  -200.00   200.00     0.0000     0.0000    -1.0000    -1.0000  0.0000  0.000
                      B     1.000-120.00     0.00     0.00     0.00     0.00     7.2  1.000  -200.00   200.00     0.0000     0.0000    -1.0000    -1.0000  0.0000  0.000
                      C     1.000 120.00     0.00     0.00     0.00     0.00     7.2  1.000  -200.00   200.00     0.0000     0.0000    -1.0000    -1.0000  0.0000  0.000
   77 BUSNUMBER077  1 A  0  1.000   0.00     0.00     0.00     0.00     0.00     7.2  1.000  -200.00   200.00     0.0000     0.0000    -1.0000    -1.0000  0.0000  0.000
                      B     1.000-120.00     0.00     0.00     0.00     0.00     7.2  1.000  -200.00   200.00     0.0000     0.0000    -1.0000    -1.0000  0.0000  0.000
                      C     1.000 120.00     0.00     0.00     0.00     0.00     7.2  1.000  -200.00   200.00     0.0000     0.0000    -1.0000    -1.0000  0.0000  0.000
   78 BUSNUMBER078  1 A  0  1.000   0.00     0.00     0.00     0.00     0.00     7.2  1.000  -200.00   200.00     0.0000     0.0000    -1.0000    -1.0000  0.0000  0.000
                      B     1.000-120.00     0.00     0.00     0.00     0.00     7.2  1.000  -200.00   200.00     0.0000     0.0000    -1.0000    -1.0000  0.0000  0.000
                      C     1.000 120.00     0.00     0.00     0.00     0.00     7.2  1.000  -200.00   200.00     0.0000     0.0000    -1.0000    -1.0000  0.0000  0.000
   79 BUSNUMBER079  1 A  2  1.000   0.00     0.00     0.00     0.10     0.00     7.2  1.000  -200.00   200.00     0.0000     0.0000    -1.0000    -1.0000  0.0000  0.000
                      B     1.000-120.00     0.00     0.00     0.10     0.00     7.2  1.000  -200.00   200.00     0.0000     0.0000    -1.0000    -1.0000  0.0000  0.000
                      C     1.000 120.00     0.00     0.00     0.10     0.00     7.2  1.000  -200.00   200.00     0.0000     0.0000    -1.0000    -1.0000  0.0000  0.000
   80 BUSNUMBER080  1 A  0  1.000   0.00     0.00     0.00     0.00     0.00     7.2  1.000  -200.00   200.00     0.0000     0.6000    -1.0000    -1.0000  0.0000  0.000
                      B     1.000-120.00     0.00     0.00     0.00     0.00     7.2  1.000  -200.00   200.00     0.0000     0.6000    -1.0000    -1.0000  0.0000  0.000
                      C     1.000 120.00     0.00     0.00     0.00     0.00     7.2  1.000  -200.00   200.00     0.0000     0.6000    -1.0000    -1.0000  0.0000  0.000
   81 BUSNUMBER081  1 A  0  1.000   0.00     0.00     0.00     0.00     0.00     7.2  1.000  -200.00   200.00     0.0000     0.0000    -1.0000    -1.0000  0.0000  0.000
                      B     1.000-120.00     0.00     0.00     0.00     0.00     7.2  1.000  -200.00   200.00     0.0000     0.0000    -1.0000    -1.0000  0.0000  0.000
                      C     1.000 120.00     0.00     0.00     0.00     0.00     7.2  1.000  -200.00   200.00     0.0000     0.0000    -1.0000    -1.0000  0.0000  0.000
   82 BUSNUMBER082  1 A  0  1.000   0.00     0.03     0.01     0.00     0.00     7.2  1.000  -200.00   200.00     0.0000     0.0000    -1.0000    -1.0000  0.0000  0.000
                      B     1.000-120.00     0.03     0.01     0.00     0.00     7.2  1.000  -200.00   200.00     0.0000     0.0000    -1.0000    -1.0000  0.0000  0.000
                      C     1.000 120.00     0.03     0.01     0.00     0.00     7.2  1.000  -200.00   200.00     0.0000     0.0000    -1.0000    -1.0000  0.0000  0.000
   83 BUSNUMBER083  1 A  0  1.000   0.00     0.05     0.02     0.00     0.00     7.2  1.000  -200.00   200.00     0.0000     0.0000    -1.0000    -1.0000  0.0000  0.000
                      B     1.000-120.00     0.05     0.02     0.00     0.00     7.2  1.000  -200.00   200.00     0.0000     0.0000    -1.0000    -1.0000  0.0000  0.000
                      C     1.000 120.00     0.00     0.00     0.00     0.00     7.2  1.000  -200.00   200.00     0.0000     0.0000    -1.0000    -1.0000  0.0000  0.000
   84 BUSNUMBER084  1 A  0  1.000   0.00     0.00     0.00     0.00     0.00     7.2  1.000  -200.00   200.00     0.0000     0.0000    -1.0000    -1.0000  0.0000  0.000
                      B     1.000-120.00     0.00     0.00     0.00     0.00     7.2  1.000  -200.00   200.00     0.0000     0.0000    -1.0000    -1.0000  0.0000  0.000
                      C     1.000 120.00     0.00     0.00     0.00     0.00     7.2  1.000  -200.00   200.00     0.0000     0.0000    -1.0000    -1.0000  0.0000  0.000
   85 BUSNUMBER085  1 A  0  1.000   0.00     0.10     0.05     0.00     0.00     7.2  1.000  -200.00   200.00     0.0000     0.0000    -1.0000    -1.0000  0.0000  0.000
                      B     1.000-120.00     0.10     0.05     0.00     0.00     7.2  1.000  -200.00   200.00     0.0000     0.0000    -1.0000    -1.0000  0.0000  0.000
                      C     1.000 120.00     0.10     0.05     0.00     0.00     7.2  1.000  -200.00   200.00     0.0000     0.0000    -1.0000    -1.0000  0.0000  0.000
   86 BUSNUMBER086  1 A  0  1.000   0.00     0.02     0.01     0.00     0.00     7.2  1.000  -200.00   200.00     0.0000     0.0000    -1.0000    -1.0000  0.0000  0.000
                      B     1.000-120.00     0.00     0.00     0.00     0.00     7.2  1.000  -200.00   200.00     0.0000     0.0000    -1.0000    -1.0000  0.0000  0.000
                      C     1.000 120.00     0.00     0.00     0.00     0.00     7.2  1.000  -200.00   200.00     0.0000     0.0000    -1.0000    -1.0000  0.0000  0.000
   87 BUSNUMBER087  1 A  0  1.000   0.00     0.00     0.00     0.00     0.00     7.2  1.000  -200.00   200.00     0.0000     0.0000    -1.0000    -1.0000  0.0000  0.000
                      B     1.000-120.00     0.00     0.00     0.00     0.00     7.2  1.000  -200.00   200.00     0.0000     0.0000    -1.0000    -1.0000  0.0000  0.000
                      C     1.000 120.00     0.00     0.00     0.00     0.00     7.2  1.000  -200.00   200.00     0.0000     0.0000    -1.0000    -1.0000  0.0000  0.000
   88 BUSNUMBER088  1 A  0  1.000   0.00     0.00     0.00     0.00     0.00     7.2  1.000  -200.00   200.00     0.0000     0.0000    -1.0000    -1.0000  0.0000  0.000
                      B     1.000-120.00     0.00     0.00     0.00     0.00     7.2  1.000  -200.00   200.00     0.0000     0.0000    -1.0000    -1.0000  0.0000  0.000
                      C     1.000 120.00     0.00     0.00     0.00     0.00     7.2  1.000  -200.00   200.00     0.0000     0.0000    -1.0000    -1.0000  0.0000  0.000
   89 BUSNUMBER089  1 A  0  1.000   0.00     0.00     0.00     0.00     0.00     7.2  1.000  -200.00   200.00     0.0000     0.0000    -1.0000    -1.0000  0.0000  0.000
                      B     1.000-120.00     0.00     0.00     0.00     0.00     7.2  1.000  -200.00   200.00     0.0000     0.0000    -1.0000    -1.0000  0.0000  0.000
                      C     1.000 120.00     0.00     0.00     0.00     0.00     7.2  1.000  -200.00   200.00     0.0000     0.0000    -1.0000    -1.0000  0.0000  0.000
   90 BUSNUMBER090  1 A  0  1.000   0.00     0.00     0.00     0.00     0.00     7.2  1.000  -200.00   200.00     0.0000     0.0000    -1.0000    -1.0000  0.0000  0.000
                      B     1.000-120.00     0.00     0.00     0.00     0.00     7.2  1.000  -200.00   200.00     0.0000     0.0000    -1.0000    -1.0000  0.0000  0.000
                      C     1.000 120.00     0.00     0.00     0.00     0.00     7.2  1.000  -200.00   200.00     0.0000     0.0000    -1.0000    -1.0000  0.0000  0.000
   91 BUSNUMBER091  1 A  0  1.000   0.00     0.00     0.00     0.00     0.00     7.2  1.000  -200.00   200.00     0.0000     0.0000    -1.0000    -1.0000  0.0000  0.000
                      B     1.000-120.00     0.00     0.00     0.00     0.00     7.2  1.000  -200.00   200.00     0.0000     0.0000    -1.0000    -1.0000  0.0000  0.000
                      C     1.000 120.00     0.00     0.00     0.00     0.00     7.2  1.000  -200.00   200.00     0.0000     0.0000    -1.0000    -1.0000  0.0000  0.000
   92 BUSNUMBER092  1 A  0  1.000   0.00     0.00     0.00     0.00     0.00     7.2  1.000  -200.00   200.00     0.0000     0.0000    -1.0000    -1.0000  0.0000  0.000
                      B     1.000-120.00     0.00     0.00     0.00     0.00     7.2  1.000  -200.00   200.00     0.0000     0.0000    -1.0000    -1.0000  0.0000  0.000
                      C     1.000 120.00     0.00     0.00     0.00     0.00     7.2  1.000  -200.00   200.00     0.0000     0.0000    -1.0000    -1.0000  0.0000  0.000
   93 BUSNUMBER093  1 A  0  1.000   0.00     0.16     0.08     0.00     0.00     7.2  1.000  -200.00   200.00     0.0000     0.0000    -1.0000    -1.0000  0.0000  0.000
                      B     1.000-120.00     0.16     0.08     0.00     0.00     7.2  1.000  -200.00   200.00     0.0000     0.0000    -1.0000    -1.0000  0.0000  0.000
                      C     1.000 120.00     0.16     0.08     0.00     0.00     7.2  1.000  -200.00   200.00     0.0000     0.0000    -1.0000    -1.0000  0.0000  0.000
   94 BUSNUMBER094  1 A  0  1.000   0.00     0.00     0.00     0.00     0.00     7.2  1.000  -200.00   200.00     0.0000     0.0000    -1.0000    -1.0000  0.0000  0.000
                      B     1.000-120.00     0.00     0.00     0.00     0.00     7.2  1.000  -200.00   200.00     0.0000     0.0000    -1.0000    -1.0000  0.0000  0.000
                      C     1.000 120.00     0.00     0.00     0.00     0.00     7.2  1.000  -200.00   200.00     0.0000     0.0000    -1.0000    -1.0000  0.0000  0.000
   95 BUSNUMBER095  1 A  0  1.000   0.00     0.00     0.00     0.00     0.00     7.2  1.000  -200.00   200.00     0.0000     0.0000    -1.0000    -1.0000  0.0000  0.000
                      B     1.000-120.00     0.00     0.00     0.00     0.00     7.2  1.000  -200.00   200.00     0.0000     0.0000    -1.0000    -1.0000  0.0000  0.000
                      C     1.000 120.00     0.00     0.00     0.00     0.00     7.2  1.000  -200.00   200.00     0.0000     0.0000    -1.0000    -1.0000  0.0000  0.000
   96 BUSNUMBER096  1 A  0  1.000   0.00     0.02     0.01     0.00     0.00     7.2  1.000  -200.00   200.00     0.0000     0.0000    -1.0000    -1.0000  0.0000  0.000
                      B     1.000-120.00     0.02     0.01     0.00     0.00     7.2  1.000  -200.00   200.00     0.0000     0.0000    -1.0000    -1.0000  0.0000  0.000
                      C     1.000 120.00     0.02     0.01     0.00     0.00     7.2  1.000  -200.00   200.00     0.0000     0.0000    -1.0000    -1.0000  0.0000  0.000
   97 BUSNUMBER097  1 A  0  1.000   0.00     0.03     0.01     0.00     0.00     7.2  1.000  -200.00   200.00     0.0000     0.0000    -1.0000    -1.0000  0.0000  0.000
                      B     1.000-120.00     0.03     0.01     0.00     0.00     7.2  1.000  -200.00   200.00     0.0000     0.0000    -1.0000    -1.0000  0.0000  0.000
                      C     1.000 120.00     0.03     0.01     0.00     0.00     7.2  1.000  -200.00   200.00     0.0000     0.0000    -1.0000    -1.0000  0.0000  0.000
   98 BUSNUMBER098  1 A  0  1.000   0.00     0.00     0.00     0.00     0.00     7.2  1.000  -200.00   200.00     0.0000     0.0000    -1.0000    -1.0000  0.0000  0.000
                      B     1.000-120.00     0.00     0.00     0.00     0.00     7.2  1.000  -200.00   200.00     0.0000     0.0000    -1.0000    -1.0000  0.0000  0.000
                      C     1.000 120.00     0.00     0.00     0.00     0.00     7.2  1.000  -200.00   200.00     0.0000     0.0000    -1.0000    -1.0000  0.0000  0.000
   99 BUSNUMBER099  1 A  0  1.000   0.00     0.02     0.01     0.00     0.00     7.2  1.000  -200.00   200.00     0.0000     0.0000    -1.0000    -1.0000  0.0000  0.000
                      B     1.000-120.00     0.02     0.01     0.00     0.00     7.2  1.000  -200.00   200.00     0.0000     0.0000    -1.0000    -1.0000  0.0000  0.000
                      C     1.000 120.00     0.02     0.01     0.00     0.00     7.2  1.000  -200.00   200.00     0.0000     0.0000    -1.0000    -1.0000  0.0000  0.000
  100 BUSNUMBER100  1 A  0  1.000   0.00     0.00     0.00     0.00     0.00     7.2  1.000  -200.00   200.00     0.0000     0.0000    -1.0000    -1.0000  0.0000  0.000
                      B     1.000-120.00     0.00     0.00     0.00     0.00     7.2  1.000  -200.00   200.00     0.0000     0.0000    -1.0000    -1.0000  0.0000  0.000
                      C     1.000 120.00     0.00     0.00     0.00     0.00     7.2  1.000  -200.00   200.00     0.0000     0.0000    -1.0000    -1.0000  0.0000  0.000
  101 BUSNUMBER101  1 A  0  1.000   0.00     0.05     0.03     0.00     0.00     7.2  1.000  -200.00   200.00     0.0000     0.0000    -1.0000    -1.0000  0.0000  0.000
                      B     1.000-120.00     0.05     0.03     0.00     0.00     7.2  1.000  -200.00   200.00     0.0000     0.0000    -1.0000    -1.0000  0.0000  0.000
                      C     1.000 120.00     0.05     0.03     0.00     0.00     7.2  1.000  -200.00   200.00     0.0000     0.0000    -1.0000    -1.0000  0.0000  0.000
  102 BUSNUMBER102  1 A  0  1.000   0.00     0.00     0.00     0.00     0.00     7.2  1.000  -200.00   200.00     0.0000     0.0000    -1.0000    -1.0000  0.0000  0.000
                      B     1.000-120.00     0.00     0.00     0.00     0.00     7.2  1.000  -200.00   200.00     0.0000     0.0000    -1.0000    -1.0000  0.0000  0.000
                      C     1.000 120.00     0.00     0.00     0.00     0.00     7.2  1.000  -200.00   200.00     0.0000     0.0000    -1.0000    -1.0000  0.0000  0.000
  103 BUSNUMBER103  1 A  0  1.000   0.00     0.04     0.02     0.00     0.00     7.2  1.000  -200.00   200.00     0.0000     0.0000    -1.0000    -1.0000  0.0000  0.000
                      B     1.000-120.00     0.04     0.02     0.00     0.00     7.2  1.000  -200.00   200.00     0.0000     0.0000    -1.0000    -1.0000  0.0000  0.000
                      C     1.000 120.00     0.00     0.00     0.00     0.00     7.2  1.000  -200.00   200.00     0.0000     0.0000    -1.0000    -1.0000  0.0000  0.000
  104 BUSNUMBER104  1 A  0  1.000   0.00     0.06     0.03     0.00     0.00     7.2  1.000  -200.00   200.00     0.0000     0.6000    -1.0000    -1.0000  0.0000  0.000
                      B     1.000-120.00     0.06     0.03     0.00     0.00     7.2  1.000  -200.00   200.00     0.0000     0.6000    -1.0000    -1.0000  0.0000  0.000
                      C     1.000 120.00     0.06     0.03     0.00     0.00     7.2  1.000  -200.00   200.00     0.0000     0.6000    -1.0000    -1.0000  0.0000  0.000
  105 BUSNUMBER105  1 A  0  1.000   0.00     0.00     0.00     0.00     0.00     7.2  1.000  -200.00   200.00     0.0000     0.0000    -1.0000    -1.0000  0.0000  0.000
                      B     1.000-120.00     0.00     0.00     0.00     0.00     7.2  1.000  -200.00   200.00     0.0000     0.0000    -1.0000    -1.0000  0.0000  0.000
                      C     1.000 120.00     0.06     0.03     0.00     0.00     7.2  1.000  -200.00   200.00     0.0000     0.0000    -1.0000    -1.0000  0.0000  0.000
  106 BUSNUMBER106  1 A  0  1.000   0.00     0.00     0.00     0.00     0.00     7.2  1.000  -200.00   200.00     0.0000     0.0000    -1.0000    -1.0000  0.0000  0.000
                      B     1.000-120.00     0.00     0.00     0.00     0.00     7.2  1.000  -200.00   200.00     0.0000     0.0000    -1.0000    -1.0000  0.0000  0.000
                      C     1.000 120.00     0.00     0.00     0.00     0.00     7.2  1.000  -200.00   200.00     0.0000     0.0000    -1.0000    -1.0000  0.0000  0.000
  107 BUSNUMBER107  1 A  0  1.000   0.00     0.30     0.15     0.00     0.00     7.2  1.000  -200.00   200.00     0.0000     0.0000    -1.0000    -1.0000  0.0000  0.000
                      B     1.000-120.00     0.30     0.15     0.00     0.00     7.2  1.000  -200.00   200.00     0.0000     0.0000    -1.0000    -1.0000  0.0000  0.000
                      C     1.000 120.00     0.30     0.15     0.00     0.00     7.2  1.000  -200.00   200.00     0.0000     0.0000    -1.0000    -1.0000  0.0000  0.000
  108 BUSNUMBER108  1 A  0  1.000   0.00     0.11     0.06     0.00     0.00     7.2  1.000  -200.00   200.00     0.0000     0.0000    -1.0000    -1.0000  0.0000  0.000
                      B     1.000-120.00     0.11     0.06     0.00     0.00     7.2  1.000  -200.00   200.00     0.0000     0.0000    -1.0000    -1.0000  0.0000  0.000
                      C     1.000 120.00     0.11     0.06     0.00     0.00     7.2  1.000  -200.00   200.00     0.0000     0.0000    -1.0000    -1.0000  0.0000  0.000
  109 BUSNUMBER109  1 A  0  1.000   0.00     0.05     0.02     0.00     0.00     7.2  1.000  -200.00   200.00     0.0000     0.0000    -1.0000    -1.0000  0.0000  0.000
                      B     1.000-120.00     0.05     0.02     0.00     0.00     7.2  1.000  -200.00   200.00     0.0000     0.0000    -1.0000    -1.0000  0.0000  0.000
                      C     1.000 120.00     0.05     0.02     0.00     0.00     7.2  1.000  -200.00   200.00     0.0000     0.0000    -1.0000    -1.0000  0.0000  0.000
  110 BUSNUMBER110  1 A  0  1.000   0.00     0.00     0.00     0.00     0.00     7.2  1.000  -200.00   200.00     0.0000     1.2000    -1.0000    -1.0000  0.0000  0.000
                      B     1.000-120.00     0.00     0.00     0.00     0.00     7.2  1.000  -200.00   200.00     0.0000     1.2000    -1.0000    -1.0000  0.0000  0.000
                      C     1.000 120.00     0.00     0.00     0.00     0.00     7.2  1.000  -200.00   200.00     0.0000     1.2000    -1.0000    -1.0000  0.0000  0.000
  111 BUSNUMBER111  1 A  0  1.000   0.00     0.00     0.00     0.00     0.00     7.2  1.000  -200.00   200.00     0.0000     0.0000    -1.0000    -1.0000  0.0000  0.000
                      B     1.000-120.00     0.00     0.00     0.00     0.00     7.2  1.000  -200.00   200.00     0.0000     0.0000    -1.0000    -1.0000  0.0000  0.000
                      C     1.000 120.00     0.08     0.04     0.00     0.00     7.2  1.000  -200.00   200.00     0.0000     0.0000    -1.0000    -1.0000  0.0000  0.000
  112 BUSNUMBER112  1 A  0  1.000   0.00     0.00     0.00     0.00     0.00     7.2  1.000  -200.00   200.00     0.0000     0.0000    -1.0000    -1.0000  0.0000  0.000
                      B     1.000-120.00     0.04     0.02     0.00     0.00     7.2  1.000  -200.00   200.00     0.0000     0.0000    -1.0000    -1.0000  0.0000  0.000
                      C     1.000 120.00     0.04     0.02     0.00     0.00     7.2  1.000  -200.00   200.00     0.0000     0.0000    -1.0000    -1.0000  0.0000  0.000
  113 BUSNUMBER113  1 A  0  1.000   0.00     0.00     0.00     0.00     0.00     7.2  1.000  -200.00   200.00     0.0000     0.0000    -1.0000    -1.0000  0.0000  0.000
                      B     1.000-120.00     0.00     0.00     0.00     0.00     7.2  1.000  -200.00   200.00     0.0000     0.0000    -1.0000    -1.0000  0.0000  0.000
                      C     1.000 120.00     0.00     0.00     0.00     0.00     7.2  1.000  -200.00   200.00     0.0000     0.0000    -1.0000    -1.0000  0.0000  0.000
  114 BUSNUMBER114  1 A  0  1.000   0.00     0.00     0.00     0.00     0.00     7.2  1.000  -200.00   200.00     0.0000     0.0000    -1.0000    -1.0000  0.0000  0.000
                      B     1.000-120.00     0.00     0.00     0.00     0.00     7.2  1.000  -200.00   200.00     0.0000     0.0000    -1.0000    -1.0000  0.0000  0.000
                      C     1.000 120.00     0.00     0.00     0.00     0.00     7.2  1.000  -200.00   200.00     0.0000     0.0000    -1.0000    -1.0000  0.0000  0.000
  115 BUSNUMBER115  1 A  0  1.000   0.00     0.00     0.00     0.00     0.00     7.2  1.000  -200.00   200.00     0.0000     0.0000    -1.0000    -1.0000  0.0000  0.000
                      B     1.000-120.00     0.24     0.12     0.00     0.00     7.2  1.000  -200.00   200.00     0.0000     0.0000    -1.0000    -1.0000  0.0000  0.000
                      C     1.000 120.00     0.00     0.00     0.00     0.00     7.2  1.000  -200.00   200.00     0.0000     0.0000    -1.0000    -1.0000  0.0000  0.000
  116 BUSNUMBER116  1 A  0  1.000   0.00     0.03     0.01     0.00     0.00     7.2  1.000  -200.00   200.00     0.0000     0.0000    -1.0000    -1.0000  0.0000  0.000
                      B     1.000-120.00     0.03     0.01     0.00     0.00     7.2  1.000  -200.00   200.00     0.0000     0.0000    -1.0000    -1.0000  0.0000  0.000
                      C     1.000 120.00     0.03     0.01     0.00     0.00     7.2  1.000  -200.00   200.00     0.0000     0.0000    -1.0000    -1.0000  0.0000  0.000
  117 BUSNUMBER117  1 A  0  1.000   0.00     0.00     0.00     0.00     0.00     7.2  1.000  -200.00   200.00     0.0000     0.0000    -1.0000    -1.0000  0.0000  0.000
                      B     1.000-120.00     0.00     0.00     0.00     0.00     7.2  1.000  -200.00   200.00     0.0000     0.0000    -1.0000    -1.0000  0.0000  0.000
                      C     1.000 120.00     0.08     0.04     0.00     0.00     7.2  1.000  -200.00   200.00     0.0000     0.0000    -1.0000    -1.0000  0.0000  0.000
  118 BUSNUMBER118  1 A  0  1.000   0.00     0.00     0.00     0.00     0.00     7.2  1.000  -200.00   200.00     0.0000     0.0000    -1.0000    -1.0000  0.0000  0.000
                      B     1.000-120.00     0.00     0.00     0.00     0.00     7.2  1.000  -200.00   200.00     0.0000     0.0000    -1.0000    -1.0000  0.0000  0.000
                      C     1.000 120.00     0.00     0.00     0.00     0.00     7.2  1.000  -200.00   200.00     0.0000     0.0000    -1.0000    -1.0000  0.0000  0.000
  119 BUSNUMBER119  1 A  0  1.000   0.00     0.01     0.01     0.00     0.00     7.2  1.000  -200.00   200.00     0.0000     0.0000    -1.0000    -1.0000  0.0000  0.000
                      B     1.000-120.00     0.01     0.01     0.00     0.00     7.2  1.000  -200.00   200.00     0.0000     0.0000    -1.0000    -1.0000  0.0000  0.000
                      C     1.000 120.00     0.01     0.01     0.00     0.00     7.2  1.000  -200.00   200.00     0.0000     0.0000    -1.0000    -1.0000  0.0000  0.000
  120 BUSNUMBER120  1 A  0  1.000   0.00     0.00     0.00     0.00     0.00     7.2  1.000  -200.00   200.00     0.0000     0.0000    -1.0000    -1.0000  0.0000  0.000
                      B     1.000-120.00     0.00     0.00     0.00     0.00     7.2  1.000  -200.00   200.00     0.0000     0.0000    -1.0000    -1.0000  0.0000  0.000
                      C     1.000 120.00     0.00     0.00     0.00     0.00     7.2  1.000  -200.00   200.00     0.0000     0.0000    -1.0000    -1.0000  0.0000  0.000
  121 BUSNUMBER121  1 A  0  1.000   0.00     0.00     0.00     0.00     0.00     7.2  1.000  -200.00   200.00     0.0000     0.0000    -1.0000    -1.0000  0.0000  0.000
                      B     1.000-120.00     0.00     0.00     0.00     0.00     7.2  1.000  -200.00   200.00     0.0000     0.0000    -1.0000    -1.0000  0.0000  0.000
                      C     1.000 120.00     0.00     0.00     0.00     0.00     7.2  1.000  -200.00   200.00     0.0000     0.0000    -1.0000    -1.0000  0.0000  0.000
  122 BUSNUMBER122  1 A  0  1.000   0.00     0.00     0.00     0.00     0.00     7.2  1.000  -200.00   200.00     0.0000     0.0000    -1.0000    -1.0000  0.0000  0.000
                      B     1.000-120.00     0.00     0.00     0.00     0.00     7.2  1.000  -200.00   200.00     0.0000     0.0000    -1.0000    -1.0000  0.0000  0.000
                      C     1.000 120.00     0.00     0.00     0.00     0.00     7.2  1.000  -200.00   200.00     0.0000     0.0000    -1.0000    -1.0000  0.0000  0.000
  123 BUSNUMBER123  1 A  0  1.000   0.00     0.00     0.00     0.00     0.00     7.2  1.000  -200.00   200.00     0.0000     0.0000    -1.0000    -1.0000  0.0000  0.000
                      B     1.000-120.00     0.00     0.00     0.00     0.00     7.2  1.000  -200.00   200.00     0.0000     0.0000    -1.0000    -1.0000  0.0000  0.000
                      C     1.000 120.00     0.00     0.00     0.00     0.00     7.2  1.000  -200.00   200.00     0.0000     0.0000    -1.0000    -1.0000  0.0000  0.000
  124 BUSNUMBER124  1 A  2  1.000   0.00     0.23     0.11     0.10     0.00     7.2  1.000  -200.00   200.00     0.0000     0.0000    -1.0000    -1.0000  0.0000  0.000
                      B     1.000-120.00     0.23     0.11     0.10     0.00     7.2  1.000  -200.00   200.00     0.0000     0.0000    -1.0000    -1.0000  0.0000  0.000
                      C     1.000 120.00     0.23     0.11     0.10     0.00     7.2  1.000  -200.00   200.00     0.0000     0.0000    -1.0000    -1.0000  0.0000  0.000
  125 BUSNUMBER125  1 A  0  1.000   0.00     0.22     0.11     0.00     0.00     7.2  1.000  -200.00   200.00     0.0000     0.0000    -1.0000    -1.0000  0.0000  0.000
                      B     1.000-120.00     0.22     0.11     0.00     0.00     7.2  1.000  -200.00   200.00     0.0000     0.0000    -1.0000    -1.0000  0.0000  0.000
                      C     1.000 120.00     0.22     0.11     0.00     0.00     7.2  1.000  -200.00   200.00     0.0000     0.0000    -1.0000    -1.0000  0.0000  0.000
  126 BUSNUMBER126  1 A  0  1.000   0.00     0.11     0.05     0.00     0.00     7.2  1.000  -200.00   200.00     0.0000     0.0000    -1.0000    -1.0000  0.0000  0.000
                      B     1.000-120.00     0.11     0.05     0.00     0.00     7.2  1.000  -200.00   200.00     0.0000     0.0000    -1.0000    -1.0000  0.0000  0.000
                      C     1.000 120.00     0.11     0.05     0.00     0.00     7.2  1.000  -200.00   200.00     0.0000     0.0000    -1.0000    -1.0000  0.0000  0.000
  127 BUSNUMBER127  1 A  0  1.000   0.00     0.28     0.14     0.00     0.00     7.2  1.000  -200.00   200.00     0.0000     0.0000    -1.0000    -1.0000  0.0000  0.000
                      B     1.000-120.00     0.28     0.14     0.00     0.00     7.2  1.000  -200.00   200.00     0.0000     0.0000    -1.0000    -1.0000  0.0000  0.000
                      C     1.000 120.00     0.28     0.14     0.00     0.00     7.2  1.000  -200.00   200.00     0.0000     0.0000    -1.0000    -1.0000  0.0000  0.000
 -999
GENERATOR DATA
   26     0.0001     0.0505     0.0001     0.0505
   61     0.0001     0.0505     0.0001     0.0505
   79     0.0001     0.0505     0.0001     0.0505
  124     0.0001     0.0505     0.0001     0.0505
 -999
END OF DATA